0.98
1.104
0.925
0.778
1.21
0.829
0.916
0.865
0.834
0.84
0.869
0.976
0.814
1.095
1.078
0.797
0.888
0.965
0.856
0.866
1.043
0.919
0.813
0.733
0.881
0.735
0.9
0.813
0.964
0.932
0.845
0.921
0.825
1.01
0.916
0.895
0.856
0.827
1.026
0.955
0.926
0.73
0.947
0.858
1.066
0.91
1.279
0.934
0.959
1.013
1.045
1.237
0.995
1.132
0.849
0.905
0.91
0.852
0.937
0.92
1.124
1.02
0.909
0.716
1.188
0.95
1.092
0.943
0.762
0.863
0.985
0.901
1.251
1.26
0.943
0.971
0.96
0.85
0.941
1.127
1.146
0.857
0.771
1.083
1.122
0.971
0.767
0.907
0.891
0.804
0.975
0.911
0.847
0.856
0.851
0.883
0.944
0.967
0.909
0.97
1.013
1.451
0.997
1
0.977
0.841
0.87
