0.689
0.746
0.806
0.764
0.796
0.815
0.703
0.787
0.908
1.02
0.739
0.76
0.684
0.68
1.07
0.83
0.821
0.924
0.757
0.93
1.001
0.978
0.958
0.636
0.742
0.694
0.728
0.718
0.853
0.701
0.74
0.845
0.759
0.797
0.703
0.789
0.731
1.104
0.946
0.703
0.731
0.722
0.793
0.657
0.724
0.842
0.977
0.753
0.852
0.974
0.972
1.095
0.624
0.639
1.081
0.719
0.751
0.757
0.731
0.755
0.789
0.987
0.72
1.248
1.001
0.973
0.904
0.691
0.752
0.72
1.021
0.799
0.846
0.718
0.751
0.753
0.945
0.7
0.808
0.92
0.726
0.708
0.73
0.639
0.705
0.782
0.804
0.685
0.717
0.789
0.95
0.709
0.847
0.979
0.652
0.726
1.021
1.087
0.7
0.663
0.861
