0.098
0.081
0.076
0.097
0.063
0.143
0.086
0.133
0.076
0.084
0.082
0.103
0.09
0.148
0.09
0.123
0.094
0.108
0.149
0.103
0.133
0.098
0.124
0.127
0.176
0.083
0.153
0.086
0.1
0.096
0.072
0.078
0.091
0.102
0.103
0.092
0.088
0.107
0.092
0.124
0.104
0.094
0.105
0.105
0.11
0.098
0.095
0.101
0.085
0.18
0.093
0.087
0.086
0.099
0.089
0.099
0.077
0.101
0.082
0.085
0.082
0.122
0.092
0.08
0.106
0.101
0.105
0.094
0.095
0.095
0.081
0.095
0.097
0.098
0.084
0.108
0.083
0.104
0.09
0.094
0.097
0.104
0.096
0.102
0.091
0.088
0.1
0.083
0.111
0.095
0.117
0.108
0.14
0.106
0.09
0.101
0.09
0.115
0.097
0.092
0.092
0.097
