0.078
0.086
0.094
0.085
0.106
0.074
0.095
0.089
0.078
0.076
0.08
0.086
0.091
0.083
0.099
0.099
0.075
0.071
0.077
0.089
0.063
0.093
0.076
0.079
0.1
0.069
0.082
0.094
0.061
0.081
0.067
0.125
0.084
0.081
0.073
0.073
0.08
0.082
0.091
0.079
0.081
0.074
0.068
0.078
0.061
0.101
0.078
0.096
0.08
0.087
0.088
0.084
0.077
0.077
0.083
0.071
0.076
0.065
0.06
0.134
0.095
0.086
0.075
0.092
0.073
0.073
0.072
0.067
0.123
0.077
0.079
0.081
0.074
0.077
0.109
0.091
0.093
0.077
0.055
0.071
0.093
0.072
0.059
0.081
0.075
0.08
0.076
0.079
0.063
0.073
0.07
0.096
0.079
0.073
0.048
0.108
0.057
0.072
0.075
0.069
0.085
0.103
