0.416
0.496
0.337
0.431
0.598
0.514
0.405
0.382
0.643
0.468
0.382
0.402
0.411
0.411
0.345
0.543
0.416
0.399
0.629
0.356
0.334
0.403
0.411
0.277
0.403
0.668
0.401
0.378
0.364
0.312
0.413
0.532
0.463
0.49
0.299
0.498
0.328
0.408
0.505
0.266
0.373
0.492
0.388
0.413
0.312
0.373
0.518
0.623
0.431
0.321
0.469
0.687
0.256
0.344
0.423
0.347
0.455
0.399
0.4
0.424
0.253
0.61
0.378
0.457
0.345
0.705
0.406
0.388
0.358
0.307
0.429
0.587
0.405
0.584
0.302
0.616
0.399
0.313
0.384
0.454
0.347
0.331
0.338
0.516
0.378
0.413
0.463
0.539
0.423
0.265
0.492
0.373
0.42
0.32
0.519
0.354
0.418
0.344
0.78
0.445
