0.065
0.075
0.096
0.066
0.092
0.073
0.087
0.078
0.064
0.075
0.066
0.094
0.079
0.066
0.107
0.084
0.079
0.08
0.059
0.073
0.069
0.072
0.075
0.109
0.069
0.081
0.081
0.071
0.092
0.107
0.072
0.069
0.075
0.063
0.069
0.076
0.081
0.081
0.072
0.073
0.081
0.074
0.075
0.074
0.074
0.081
0.079
0.069
0.07
0.081
0.076
0.081
0.08
0.083
0.081
0.074
0.092
0.073
0.078
0.108
0.069
0.075
0.068
0.073
0.077
0.078
0.092
0.083
0.072
0.09
0.072
0.074
0.081
0.067
0.086
0.064
0.082
0.08
0.082
0.091
0.069
0.107
0.08
0.073
0.09
0.07
0.074
0.069
0.072
0.076
0.067
0.079
0.077
0.084
0.067
0.063
0.081
0.071
0.087
0.071
