0.041
0.035
0.045
0.047
0.044
0.047
0.05
0.046
0.047
0.049
0.04
0.032
0.045
0.05
0.029
0.045
0.034
0.042
0.037
0.042
0.039
0.044
0.042
0.054
0.042
0.047
0.04
0.032
0.05
0.042
0.063
0.056
0.027
0.046
0.042
0.044
0.034
0.036
0.047
0.055
0.054
0.035
0.049
0.047
0.041
0.039
0.033
0.039
0.04
0.047
0.053
0.038
0.04
0.051
0.044
0.04
0.043
0.043
0.045
0.039
0.047
0.037
0.034
0.047
0.045
0.056
0.033
0.035
0.039
0.045
0.037
0.065
0.047
0.041
0.046
0.047
0.045
0.053
0.047
0.053
0.054
0.054
0.039
0.044
0.046
0.046
0.04
0.052
0.046
0.054
0.045
0.044
0.04
0.034
0.041
0.041
0.035
0.04
0.047
0.042
0.046
0.046
0.084
0.051
0.055
