0.436
0.339
0.273
0.331
0.259
0.269
0.317
0.332
0.306
0.285
0.248
0.235
0.333
0.401
0.239
0.511
0.279
0.367
0.358
0.371
0.254
0.291
0.257
0.345
0.285
0.344
0.37
0.25
0.21
0.301
0.445
0.351
0.321
0.278
0.391
0.292
0.31
0.34
0.238
0.436
0.318
0.328
0.319
0.338
0.28
0.234
0.307
0.301
0.265
0.383
0.254
0.306
0.394
0.339
0.245
0.389
0.242
0.248
0.261
0.326
0.302
0.391
0.247
0.379
0.268
0.239
0.317
0.404
0.261
0.227
0.271
0.244
0.519
0.289
0.288
0.434
0.341
0.398
0.252
0.388
0.285
0.296
0.445
0.249
0.297
0.294
0.279
0.279
0.308
0.286
0.23
0.242
0.345
0.233
0.288
0.232
0.438
0.246
0.332
0.262
0.235
