0.058
0.056
0.055
0.054
0.07
0.067
0.063
0.063
0.048
0.053
0.056
0.065
0.079
0.063
0.057
0.053
0.068
0.062
0.06
0.066
0.05
0.054
0.056
0.073
0.068
0.066
0.054
0.052
0.056
0.062
0.052
0.056
0.054
0.058
0.057
0.059
0.055
0.057
0.076
0.056
0.052
0.051
0.053
0.062
0.048
0.052
0.054
0.058
0.058
0.053
0.05
0.063
0.054
0.056
0.042
0.055
0.057
0.058
0.062
0.05
0.058
0.061
0.041
0.047
0.058
0.061
0.056
0.05
0.053
0.045
0.052
0.041
0.064
0.063
0.058
0.058
0.056
0.057
0.063
0.057
0.071
0.05
0.055
0.057
0.047
0.053
0.056
0.061
0.046
0.059
0.055
0.063
0.05
0.053
0.07
0.052
0.043
0.074
0.07
0.055
0.046
0.056
0.059
