0.068
0.105
0.156
0.072
0.085
0.085
0.09
0.085
0.073
0.083
0.075
0.082
0.105
0.09
0.102
0.08
0.08
0.079
0.112
0.082
0.104
0.058
0.094
0.101
0.063
0.092
0.084
0.084
0.101
0.081
0.093
0.077
0.092
0.091
0.077
0.083
0.086
0.205
0.08
0.132
0.084
0.091
0.086
0.066
0.134
0.103
0.081
0.075
0.092
0.074
0.09
0.076
0.069
0.141
0.073
0.098
0.074
0.118
0.092
0.116
0.066
0.097
0.11
0.104
0.092
0.077
0.081
0.081
0.077
0.082
0.088
0.102
0.092
0.11
0.072
0.088
0.123
0.069
0.087
0.092
0.087
0.083
0.071
0.099
0.074
0.087
0.093
0.089
0.088
0.074
0.121
0.088
0.092
0.072
0.088
0.123
0.081
0.098
0.076
0.113
0.109
0.087
0.136
