0.376
0.353
0.423
0.328
0.442
0.346
0.313
0.334
0.509
0.412
0.296
0.366
0.313
0.375
0.413
0.27
0.332
0.601
0.377
0.345
0.318
0.335
0.348
0.378
0.36
0.332
0.278
0.503
0.365
0.42
0.276
0.55
0.46
0.523
0.478
0.391
0.41
0.392
0.305
0.568
0.423
0.357
0.414
0.431
0.343
0.275
0.342
0.51
0.331
0.277
0.334
0.323
0.329
0.379
0.484
0.498
0.402
0.298
0.291
0.411
0.369
0.437
0.346
0.351
0.32
0.37
0.359
0.344
0.368
0.339
0.312
0.393
0.47
0.546
0.368
0.311
0.32
0.343
0.414
0.64
0.355
0.469
0.35
0.363
0.457
0.289
0.434
0.338
0.479
0.527
0.381
0.348
0.295
0.343
0.405
0.364
0.481
0.311
0.397
0.511
0.427
0.333
