1.476
1.209
1.152
1.155
1.193
1.539
1.154
1.034
0.915
1.27
0.996
1.223
1.3
1.055
1.185
1.52
1.213
1.206
1.101
1.298
1.25
1.02
1.092
0.999
1.133
0.848
1.324
1.04
1.214
1.107
1.173
1.015
1.142
0.943
1.204
1.142
1.281
0.994
0.911
1.133
1.105
1.126
1.449
1.336
1.159
1.423
1.175
0.741
0.882
0.836
1.164
1.14
1.149
1.072
0.991
1.026
1.348
1.353
1.654
1.045
1.404
1.17
1.826
1.634
0.936
1.18
1.138
1.123
1.23
1.467
0.965
1.236
1.533
1.205
0.995
1.286
1.213
1.224
1.237
1.113
1.254
1.192
1.237
1.247
1.145
1.187
1.134
1.179
1.103
1.159
1.153
1.097
1.374
0.984
1.19
1.02
1.092
0.96
1.209
1.366
1.159
