0.067
0.059
0.059
0.082
0.053
0.054
0.052
0.066
0.078
0.061
0.061
0.073
0.053
0.059
0.063
0.06
0.072
0.063
0.062
0.071
0.065
0.06
0.061
0.064
0.066
0.068
0.06
0.054
0.066
0.052
0.067
0.06
0.058
0.064
0.067
0.073
0.048
0.055
0.056
0.074
0.055
0.054
0.073
0.064
0.057
0.065
0.063
0.075
0.055
0.059
0.053
0.053
0.07
0.061
0.059
0.067
0.071
0.061
0.054
0.059
0.059
0.057
0.056
0.073
0.051
0.051
0.053
0.057
0.064
0.058
0.059
0.058
0.053
0.057
0.082
0.054
0.065
0.063
0.062
0.069
0.055
0.061
0.062
0.062
0.05
0.063
0.058
0.057
0.056
0.06
0.055
0.058
0.055
0.059
0.056
0.053
0.062
0.059
0.055
0.05
