0.031
0.045
0.039
0.033
0.034
0.028
0.026
0.032
0.031
0.03
0.032
0.023
0.03
0.032
0.032
0.027
0.035
0.038
0.031
0.033
0.036
0.037
0.023
0.03
0.028
0.034
0.035
0.042
0.032
0.036
0.034
0.039
0.032
0.028
0.033
0.03
0.032
0.035
0.037
0.031
0.035
0.038
0.037
0.032
0.024
0.033
0.036
0.032
0.04
0.035
0.035
0.036
0.039
0.025
0.027
0.036
0.032
0.034
0.036
0.034
0.033
0.039
0.041
0.03
0.032
0.033
0.036
0.035
0.03
0.044
0.036
0.034
0.031
0.035
0.036
0.042
0.03
0.024
0.039
0.033
0.035
0.033
0.033
0.037
0.034
0.031
0.036
0.025
0.037
0.037
0.031
0.036
0.032
0.025
0.032
0.033
0.033
0.025
0.033
0.033
0.034
0.034
