0.05
0.107
0.06
0.07
0.048
0.078
0.077
0.051
0.048
0.05
0.061
0.07
0.073
0.066
0.061
0.079
0.062
0.065
0.059
0.064
0.064
0.063
0.085
0.058
0.06
0.058
0.076
0.072
0.067
0.063
0.063
0.054
0.067
0.069
0.072
0.063
0.058
0.055
0.076
0.065
0.065
0.05
0.079
0.061
0.07
0.055
0.061
0.058
0.044
0.068
0.053
0.07
0.07
0.064
0.071
0.06
0.056
0.053
0.062
0.075
0.061
0.072
0.066
0.072
0.066
0.057
0.078
0.065
0.065
0.067
0.067
0.064
0.068
0.06
0.063
0.064
0.065
0.055
0.076
0.072
0.082
0.064
0.047
0.094
0.064
0.091
0.064
0.072
0.077
0.066
0.052
0.071
0.049
0.057
0.073
0.076
0.067
0.062
0.068
0.053
0.061
0.067
0.068
0.067
