1.397
1.408
1.202
1.296
1.276
1.222
1.31
2.181
1.314
1.257
1.206
1.167
1.208
1.358
1.141
1.429
1.18
1.289
1.385
1.347
1.175
1.311
1.244
1.24
1.284
1.296
1.276
1.213
1.275
1.232
1.306
1.305
1.314
1.255
1.3
1.197
1.36
1.38
1.137
1.426
1.206
1.425
1.378
1.416
1.226
1.165
1.261
1.244
1.187
1.363
1.252
1.269
1.321
1.25
1.137
1.54
1.179
1.307
1.204
1.257
1.275
1.234
1.272
1.405
1.365
1.269
1.258
1.398
1.17
1.284
1.173
1.213
1.526
1.191
1.258
1.443
1.292
1.318
1.156
1.381
1.181
1.226
1.55
1.241
1.374
1.247
1.208
1.306
1.17
1.344
1.175
1.206
1.35
1.163
1.21
1.199
1.437
1.259
1.444
1.378
1.34
