1.062
0.973
0.921
0.995
0.949
0.895
0.94
0.901
0.923
1.057
0.909
0.98
0.915
0.995
1.173
0.923
1.006
0.955
0.907
0.896
0.929
0.992
0.956
1.054
0.977
0.96
1.159
1.103
1.101
1.167
1.074
1.171
1.059
1.047
1.187
1.12
1.063
1.11
1.199
1.064
1.091
1.055
1.156
1.112
1.341
1.152
1.305
1.144
1.285
1.139
1.266
1.198
1.125
1.152
1.227
1.15
1.177
1.182
1.306
1.278
1.278
1.177
1.319
1.265
1.351
1.114
1.337
1.183
1.166
1.371
1.275
1.251
1.327
1.303
1.296
1.309
1.284
1.178
1.315
1.298
1.301
1.324
1.456
1.32
1.553
1.369
1.422
1.315
1.386
1.281
1.358
1.368
1.285
1.34
1.302
1.381
1.37
1.353
1.383
1.503
