2.936
2.622
2.937
2.915
3.162
2.932
2.886
3.023
2.977
3.085
2.924
2.912
2.705
2.876
3.199
3.013
3.099
3.076
2.874
2.985
3.192
3.132
2.924
2.788
2.967
2.618
2.977
2.812
3.231
2.774
2.945
2.981
2.671
2.998
3.041
2.903
2.974
3.18
3.093
2.674
2.951
2.891
3.006
2.897
2.896
3.109
3.014
3.064
2.921
3.374
3.099
3.161
2.731
3.306
3.246
2.63
2.826
2.899
2.865
2.824
3.147
3.065
2.849
3.236
3.241
3.23
2.926
2.8
2.851
2.662
3.081
3.177
3.026
2.953
2.846
2.85
3.017
3.078
3.009
2.792
2.824
2.871
2.731
2.719
2.955
3.023
2.997
2.821
2.79
2.892
3.047
3.147
3.215
3.232
2.898
3.043
3.161
3.118
3.036
3
2.941
