0.582
0.564
0.493
0.472
0.461
0.443
0.455
0.515
0.432
0.491
0.46
0.446
0.449
0.456
0.401
0.436
0.481
0.488
0.452
0.498
0.464
0.466
0.489
0.459
0.475
0.433
0.545
0.422
0.499
0.449
0.55
0.521
0.442
0.505
0.498
0.511
0.495
0.514
0.54
0.572
0.556
0.52
0.492
0.495
0.49
0.522
0.561
0.47
0.503
0.58
0.516
0.532
0.499
0.502
0.586
0.586
0.596
0.542
0.527
0.5
0.513
0.476
0.565
0.589
0.553
0.559
0.482
0.621
0.523
0.516
0.532
0.555
0.565
0.551
0.547
0.557
0.542
0.547
0.552
0.593
0.569
0.528
0.553
0.568
0.582
0.522
0.582
0.529
0.724
0.645
0.545
0.687
0.527
0.681
0.526
0.579
0.583
0.573
0.761
0.567
0.681
0.59
0.702
0.638
0.661
