0.654
0.657
0.731
0.626
0.602
0.589
0.562
0.582
0.616
0.603
0.553
0.624
0.588
0.621
0.622
0.54
0.599
0.565
0.58
0.549
0.627
0.515
0.627
0.64
0.564
0.605
0.617
0.568
0.63
0.569
0.647
0.619
0.607
0.581
0.595
0.619
0.565
0.701
0.699
0.669
0.592
0.625
0.587
0.643
0.636
0.625
0.573
0.652
0.623
0.623
0.697
0.638
0.541
0.795
0.667
0.617
0.697
0.692
0.715
0.678
0.71
0.786
0.723
0.744
0.714
0.675
0.628
0.717
0.611
0.694
0.654
0.654
0.729
0.832
0.665
0.683
0.729
0.646
0.643
0.712
0.688
0.652
0.59
0.716
0.615
0.622
0.649
0.626
0.699
0.595
0.692
0.64
0.687
0.631
0.688
0.663
0.68
0.689
0.646
0.707
0.697
0.717
0.755
