1.939
1.88
1.733
1.76
2.027
1.985
1.879
1.813
2.161
1.878
1.781
1.946
1.822
1.86
1.8
2.036
2.035
1.876
2.134
1.814
1.746
1.846
1.89
1.979
1.928
2.56
1.889
1.961
1.92
1.786
1.949
2.325
2.13
2.154
2.034
2.086
1.977
2.165
2.142
1.95
2.066
2.277
2.172
1.988
2.053
2.002
2.387
2.258
2.117
1.883
2.127
2.292
2.091
1.971
2.161
2.188
2.145
2.107
2.103
2.064
1.95
2.33
2.015
2.116
2.011
2.505
2.072
2.173
2.004
2.159
2.157
2.481
2.141
2.579
2.136
2.439
2.25
2.322
2.231
2.416
2.49
2.219
2.29
2.445
2.334
2.304
2.53
2.416
2.22
2.174
2.694
2.269
2.377
2.28
2.542
2.189
2.527
2.415
2.691
2.473
