3.308
3.112
3.165
3.008
3.193
2.971
3.183
2.99
2.904
2.985
2.913
3.222
2.919
3.004
3.163
3.015
2.819
3.172
2.989
2.868
2.945
3.162
2.925
2.933
3.092
2.712
2.909
3.073
3.205
2.894
3.111
2.971
2.977
3.232
3.019
2.895
2.937
2.884
3.278
3.103
3.03
2.887
3.033
3.016
3.163
3.024
3.425
3.028
3.335
3.15
3.166
3.438
3.364
3.252
2.965
3.033
3.048
2.966
3.037
2.87
3.305
3.071
3.005
2.603
3.127
3.08
3.107
2.981
3.135
2.869
3.084
2.812
3.547
3.272
3.002
3.286
2.937
2.844
3.052
3.311
3.432
2.86
2.919
3.333
3.515
3.124
2.785
2.966
3.132
3.052
3.173
3.036
2.896
3.369
2.939
3.131
3.191
3.104
3.068
3.025
3.307
3.815
3.465
3.042
3.124
3.161
3.332
