1.17
0.976
0.989
1.015
0.928
1.09
0.976
1.025
1.018
1.045
1.014
1.012
1.003
1.122
1.013
1.04
1.062
1.043
1.213
1.082
1.141
1.056
1.105
1.204
1.19
1.067
1.119
1.043
1.162
1.164
1.117
1.262
1.108
1.122
1.084
1.054
1.253
1.18
1.247
1.291
1.241
1.253
1.215
1.211
1.291
1.175
1.222
1.388
1.235
1.263
1.231
1.309
1.263
1.127
1.171
1.426
1.184
1.192
1.199
1.241
1.222
1.418
1.207
1.277
1.342
1.361
1.368
1.457
1.495
1.285
1.469
1.379
1.41
1.452
1.414
1.379
1.435
1.364
1.426
1.424
1.365
1.346
1.468
1.378
1.416
1.33
1.399
1.38
1.373
1.377
1.42
1.574
1.463
1.501
1.607
1.474
1.499
1.538
1.564
1.383
1.476
1.53
