1.21
0.946
0.847
1.011
0.911
0.92
0.801
0.892
0.869
0.958
0.905
0.881
0.971
0.971
0.964
0.898
0.94
0.938
1.067
1.035
1.015
1.043
1.059
1.014
0.975
0.976
0.856
1.068
1.003
0.996
1.119
1.107
1.122
1.106
1.058
1.186
1.023
1.071
1.149
1.18
1.224
1.084
1.156
1.075
1.093
1.153
1.113
1.016
1.077
1.129
1.108
1.09
1.248
1.24
1.379
1.283
1.27
1.279
1.285
1.202
1.153
1.176
1.161
1.127
1.144
1.092
1.451
1.078
1.381
1.32
1.207
1.279
1.237
1.329
1.232
1.331
1.283
1.284
1.414
1.308
1.434
1.302
1.325
1.261
1.455
1.311
1.378
1.321
1.393
1.369
1.356
1.391
1.493
1.404
1.374
1.309
1.543
1.426
1.456
1.289
