1.602
1.406
1.542
1.394
1.596
1.445
1.391
1.589
1.642
1.536
1.356
1.461
1.488
1.476
1.491
1.309
1.357
1.732
1.487
1.499
1.346
1.523
1.425
1.481
1.449
1.406
1.362
1.688
1.456
1.495
1.293
1.654
1.599
1.576
1.541
1.504
1.439
1.428
1.389
1.639
1.406
1.392
1.529
1.645
1.414
1.446
1.332
1.632
1.319
1.319
1.285
1.513
1.517
1.485
1.655
1.602
1.951
1.352
1.412
1.604
1.577
1.655
1.452
1.583
1.472
1.556
1.674
1.548
1.462
1.445
1.352
1.475
1.76
1.701
1.551
1.465
1.585
1.618
1.625
1.807
1.575
1.641
1.559
1.527
1.615
1.427
1.569
1.543
2.666
1.828
1.529
1.515
1.514
1.475
1.499
1.464
1.612
1.465
1.462
1.677
1.607
1.471
