0.51
0.436
0.443
0.408
0.446
0.396
0.412
0.44
0.4
0.404
0.426
0.448
0.44
0.415
0.469
0.44
0.429
0.402
0.434
0.409
0.424
0.45
0.411
0.397
0.516
0.461
0.448
0.436
0.377
0.412
0.399
0.46
0.451
0.41
0.411
0.388
0.401
0.397
0.402
0.378
0.416
0.433
0.386
0.464
0.385
0.518
0.408
0.419
0.425
0.411
0.413
0.403
0.401
0.407
0.39
0.426
0.477
0.444
0.4
0.501
0.424
0.424
0.448
0.424
0.387
0.405
0.382
0.421
0.473
0.419
0.398
0.415
0.406
0.383
0.463
0.425
0.429
0.422
0.357
0.4
0.441
0.472
0.38
0.425
0.432
0.414
0.414
0.406
0.445
0.434
0.418
0.478
0.433
0.394
0.356
0.46
0.404
0.397
0.455
0.384
0.395
0.443
