0.606
0.589
0.578
0.535
0.486
0.544
0.562
0.478
0.486
0.508
0.502
0.474
0.538
0.55
0.492
0.493
0.527
0.507
0.496
0.509
0.519
0.535
0.548
0.516
0.49
0.552
0.537
0.546
0.513
0.498
0.564
0.51
0.501
0.514
0.548
0.571
0.543
0.489
0.638
0.557
0.592
0.605
0.647
0.583
0.54
0.534
0.513
0.542
0.549
0.568
0.549
0.54
0.619
0.598
0.648
0.661
0.526
0.519
0.701
0.629
0.709
0.6
0.662
0.589
0.671
0.574
0.651
0.642
0.574
0.693
0.627
0.69
0.579
0.583
0.615
0.631
0.561
0.615
0.613
0.657
0.614
0.644
0.583
0.629
0.659
0.84
0.676
0.818
0.746
0.612
0.687
0.628
0.597
0.585
0.687
0.794
0.689
0.652
0.649
0.563
0.666
0.683
0.613
0.614
