0.418
0.377
0.378
0.343
0.338
0.365
0.321
0.317
0.329
0.319
0.32
0.318
0.368
0.357
0.34
0.363
0.346
0.36
0.363
0.33
0.362
0.338
0.388
0.392
0.337
0.368
0.328
0.365
0.329
0.343
0.361
0.323
0.349
0.328
0.355
0.379
0.338
0.367
0.386
0.366
0.346
0.327
0.331
0.34
0.32
0.307
0.345
0.323
0.328
0.34
0.331
0.379
0.347
0.331
0.302
0.331
0.352
0.347
0.358
0.323
0.333
0.318
0.297
0.328
0.334
0.349
0.33
0.319
0.33
0.295
0.344
0.323
0.344
0.339
0.335
0.353
0.316
0.331
0.403
0.316
0.364
0.335
0.333
0.362
0.325
0.408
0.34
0.34
0.36
0.361
0.368
0.355
0.37
0.338
0.366
0.325
0.347
0.352
0.387
0.378
0.334
0.377
0.35
