4.156
3.428
3.553
4.194
3.555
4.018
3.639
3.296
3.26
3.507
3.438
4.005
3.821
3.397
3.529
4.009
3.543
4.012
3.611
3.731
3.663
3.901
3.695
3.386
3.732
3.318
3.663
3.67
3.709
3.752
3.769
3.56
3.615
3.672
3.719
3.708
3.99
3.551
3.906
3.742
4.216
3.618
4.051
3.907
4.076
4.011
3.7
3.636
3.295
3.773
3.596
3.639
3.772
3.547
3.504
3.464
4.095
4.136
4.337
3.58
4.082
3.857
4.984
4.438
3.871
3.874
4.427
4.193
4.264
4.559
4.088
3.961
4.34
4.33
3.729
4.181
4.251
4.173
4.167
3.933
3.809
4.116
3.974
4.014
3.781
4.043
3.977
4.01
3.948
3.857
4.079
3.787
4.194
4.063
4.135
4.077
4.231
4.125
4.102
4.297
4.14
