0.34
0.326
0.284
0.268
0.286
0.268
0.256
0.259
0.253
0.268
0.287
0.256
0.28
0.241
0.268
0.276
0.278
0.327
0.293
0.277
0.308
0.316
0.296
0.276
0.285
0.286
0.294
0.321
0.259
0.294
0.292
0.27
0.289
0.311
0.286
0.279
0.266
0.272
0.288
0.276
0.273
0.276
0.271
0.274
0.239
0.261
0.267
0.271
0.282
0.282
0.271
0.282
0.294
0.279
0.266
0.292
0.25
0.275
0.277
0.274
0.259
0.263
0.271
0.259
0.275
0.265
0.256
0.264
0.27
0.276
0.274
0.28
0.274
0.263
0.282
0.289
0.266
0.266
0.318
0.272
0.27
0.269
0.33
0.273
0.305
0.281
0.347
0.266
0.304
0.291
0.269
0.278
0.268
0.26
0.256
0.324
0.335
0.263
0.364
0.273
0.287
0.287
