0.863
0.694
0.763
0.755
0.741
0.828
0.762
0.728
0.806
0.821
0.804
0.771
0.768
0.81
0.779
0.737
0.825
0.767
0.911
0.845
0.864
0.828
0.837
0.918
0.855
0.846
0.832
0.82
0.937
0.918
0.873
1.044
0.866
0.887
0.829
0.847
1.027
0.921
1.016
1.001
1.01
0.995
0.982
0.982
1.039
0.94
0.983
1.117
1.019
0.934
0.988
1.089
1.044
0.903
0.943
1.192
0.946
0.907
0.957
0.995
0.986
1.116
0.918
1.048
1.089
1.073
1.1
1.178
1.245
1.012
1.233
1.107
1.156
1.2
1.171
1.113
1.23
1.126
1.208
1.189
1.146
1.085
1.202
1.113
1.189
1.106
1.193
1.165
1.136
1.081
1.142
1.291
1.152
1.249
1.345
1.236
1.265
1.246
1.308
1.131
1.24
1.288
