0.293
0.232
0.236
0.199
0.201
0.201
0.184
0.19
0.214
0.195
0.196
0.191
0.212
0.227
0.213
0.245
0.205
0.225
0.23
0.206
0.246
0.227
0.25
0.243
0.213
0.229
0.199
0.228
0.198
0.23
0.25
0.202
0.246
0.217
0.224
0.259
0.221
0.239
0.24
0.239
0.225
0.228
0.215
0.224
0.209
0.208
0.225
0.211
0.202
0.214
0.224
0.239
0.224
0.184
0.213
0.209
0.241
0.226
0.224
0.203
0.222
0.185
0.202
0.218
0.217
0.219
0.218
0.218
0.218
0.202
0.22
0.235
0.21
0.206
0.219
0.23
0.211
0.215
0.288
0.193
0.235
0.227
0.21
0.245
0.212
0.291
0.22
0.217
0.243
0.244
0.267
0.228
0.263
0.223
0.22
0.221
0.238
0.212
0.251
0.271
0.234
0.252
0.224
