0.462
0.244
0.473
0.405
0.421
0.413
0.379
0.389
0.447
0.428
0.394
0.442
0.384
0.419
0.41
0.364
0.41
0.402
0.353
0.368
0.403
0.361
0.432
0.418
0.403
0.416
0.447
0.389
0.42
0.387
0.459
0.434
0.397
0.369
0.415
0.441
0.373
0.377
0.512
0.42
0.393
0.418
0.398
0.479
0.372
0.398
0.395
0.488
0.426
0.444
0.5
0.446
0.403
0.54
0.475
0.415
0.536
0.486
0.529
0.439
0.539
0.571
0.487
0.539
0.517
0.511
0.429
0.54
0.442
0.514
0.465
0.469
0.51
0.601
0.496
0.492
0.49
0.479
0.472
0.513
0.482
0.429
0.418
0.475
0.445
0.408
0.455
0.402
0.51
0.443
0.466
0.434
0.463
0.454
0.472
0.427
0.479
0.492
0.457
0.484
0.452
0.523
0.477
