0.26
0.23
0.169
0.195
0.202
0.198
0.188
0.179
0.177
0.198
0.207
0.187
0.178
0.161
0.19
0.207
0.19
0.238
0.208
0.202
0.22
0.215
0.232
0.18
0.204
0.198
0.201
0.212
0.183
0.206
0.21
0.174
0.21
0.234
0.202
0.202
0.19
0.188
0.197
0.192
0.175
0.182
0.186
0.192
0.171
0.185
0.189
0.187
0.194
0.197
0.176
0.188
0.209
0.193
0.19
0.204
0.177
0.179
0.184
0.195
0.172
0.185
0.19
0.178
0.186
0.176
0.175
0.183
0.183
0.182
0.19
0.205
0.178
0.187
0.184
0.198
0.174
0.196
0.204
0.182
0.186
0.195
0.25
0.197
0.219
0.21
0.256
0.188
0.219
0.215
0.19
0.184
0.174
0.191
0.185
0.229
0.248
0.199
0.286
0.179
0.2
0.194
