0.872
0.757
0.765
0.78
0.877
0.795
0.803
0.958
0.764
0.76
0.759
0.8
0.874
0.759
0.78
0.762
0.764
0.845
0.799
0.764
0.742
0.838
0.764
0.796
0.806
0.793
0.783
0.887
0.789
0.709
0.728
0.804
0.85
0.735
0.747
0.789
0.687
0.723
0.805
0.772
0.675
0.759
0.827
0.827
0.765
0.893
0.714
0.834
0.707
0.735
0.676
0.859
0.891
0.812
0.872
0.784
1.232
0.763
0.784
0.91
0.898
0.926
0.797
0.924
0.806
0.887
0.993
0.888
0.818
0.833
0.747
0.816
1
0.851
0.862
0.857
0.966
1.004
0.921
0.895
0.879
0.87
0.899
0.863
0.875
0.838
0.805
0.896
1.878
0.995
0.837
0.85
0.941
0.826
0.82
0.791
0.837
0.837
0.777
0.807
0.879
0.801
