0.645
0.751
0.648
0.688
0.714
0.639
0.68
1.538
0.655
0.698
0.662
0.671
0.589
0.655
0.626
0.595
0.642
0.64
0.654
0.691
0.648
0.723
0.701
0.613
0.706
0.64
0.619
0.655
0.743
0.649
0.594
0.675
0.617
0.662
0.646
0.62
0.622
0.721
0.621
0.725
0.619
0.685
0.714
0.569
0.666
0.669
0.69
0.661
0.602
0.701
0.72
0.697
0.638
0.624
0.603
0.815
0.653
0.795
0.667
0.627
0.619
0.579
0.709
0.643
0.768
0.691
0.666
0.669
0.607
0.675
0.62
0.678
0.664
0.603
0.635
0.726
0.653
0.649
0.624
0.717
0.606
0.64
0.741
0.706
0.645
0.608
0.623
0.692
0.567
0.785
0.679
0.631
0.701
0.645
0.635
0.689
0.699
0.737
0.598
0.705
0.649
