0.902
0.667
0.645
0.813
0.754
0.731
0.66
0.706
0.664
0.75
0.738
0.658
0.804
0.79
0.749
0.721
0.768
0.769
0.855
0.85
0.836
0.875
0.854
0.846
0.806
0.746
0.685
0.894
0.793
0.82
0.893
0.918
0.954
0.943
0.819
0.994
0.852
0.916
0.979
0.995
1.031
0.906
0.979
0.863
0.909
0.966
0.93
0.833
0.916
0.947
0.926
0.916
1.03
1.057
1.196
1.059
1.069
1.104
1.11
1.007
0.979
0.936
0.968
0.94
0.953
0.899
1.235
0.88
1.178
1.104
1.044
1.068
1.08
1.169
1.012
1.139
1.099
1.089
1.23
1.145
1.257
1.07
1.151
1.058
1.303
1.137
1.195
1.147
1.168
1.181
1.172
1.214
1.29
1.214
1.198
1.145
1.32
1.219
1.281
1.131
