0.322
0.255
0.252
0.238
0.253
0.257
0.238
0.258
0.229
0.246
0.256
0.279
0.259
0.251
0.276
0.256
0.257
0.245
0.275
0.251
0.284
0.262
0.232
0.236
0.323
0.303
0.283
0.255
0.235
0.255
0.255
0.238
0.259
0.245
0.261
0.233
0.227
0.232
0.235
0.206
0.254
0.267
0.239
0.296
0.267
0.324
0.239
0.233
0.266
0.24
0.262
0.234
0.232
0.247
0.24
0.245
0.295
0.312
0.274
0.278
0.247
0.24
0.273
0.253
0.237
0.244
0.239
0.251
0.258
0.273
0.24
0.25
0.258
0.229
0.253
0.251
0.248
0.264
0.232
0.255
0.262
0.327
0.255
0.252
0.278
0.25
0.247
0.249
0.299
0.28
0.264
0.293
0.283
0.244
0.227
0.256
0.274
0.258
0.286
0.258
0.249
0.257
