1.89
1.556
1.607
1.701
1.597
1.707
1.775
1.584
1.642
1.557
1.7
1.584
1.699
1.69
1.589
1.768
1.631
1.586
1.835
1.785
1.751
1.921
1.899
1.706
1.828
1.78
1.643
1.95
1.835
1.964
1.883
1.864
1.743
1.928
1.728
1.872
1.946
1.849
1.948
1.839
1.798
1.802
1.84
1.899
2.099
1.822
1.743
1.642
1.704
1.843
1.762
1.822
1.972
1.822
1.827
1.753
1.946
2.136
2.021
1.74
1.972
2.026
2.38
2.158
2.294
2.035
2.605
2.366
2.312
2.41
2.43
2.041
2.013
2.097
2.087
2.179
2.283
2.136
2.046
2.063
1.857
2.118
2.038
2.057
1.916
2.092
2.148
2.12
2.133
1.992
2.193
1.907
1.974
2.317
2.245
2.292
2.423
2.413
2.126
2.237
2.225
