1.532
1.367
1.358
1.341
1.3
1.378
1.345
1.389
1.227
1.222
1.278
1.395
1.43
1.249
1.398
1.569
1.268
1.529
1.468
1.23
1.219
1.341
1.416
1.54
1.388
1.36
1.308
1.625
1.459
1.285
1.585
1.361
1.479
1.511
1.338
1.278
1.399
1.381
1.504
1.453
1.377
1.521
1.417
1.46
1.41
1.452
1.458
1.376
1.483
1.4
1.472
1.383
1.576
1.317
1.472
1.349
1.39
1.317
1.443
1.294
1.492
1.358
1.359
1.198
1.218
1.39
1.327
1.33
1.693
1.296
1.288
1.257
1.593
1.349
1.411
1.686
1.276
1.305
1.427
1.464
1.616
1.33
1.494
1.61
1.684
1.512
1.382
1.36
1.498
1.528
1.486
1.432
1.414
1.597
1.413
1.583
1.584
1.443
1.497
1.398
1.638
1.68
1.432
1.355
1.482
1.442
1.826
