0.436
0.403
0.433
0.381
0.348
0.36
0.396
0.334
0.35
0.37
0.364
0.326
0.391
0.396
0.355
0.348
0.381
0.37
0.355
0.347
0.336
0.375
0.37
0.385
0.344
0.397
0.367
0.386
0.341
0.355
0.409
0.359
0.336
0.366
0.382
0.411
0.396
0.318
0.463
0.386
0.459
0.47
0.453
0.441
0.372
0.394
0.365
0.411
0.403
0.397
0.379
0.366
0.457
0.44
0.485
0.474
0.378
0.367
0.545
0.412
0.562
0.431
0.508
0.428
0.507
0.439
0.477
0.485
0.416
0.536
0.457
0.528
0.43
0.43
0.439
0.48
0.402
0.472
0.428
0.489
0.432
0.512
0.446
0.443
0.493
0.657
0.49
0.63
0.588
0.457
0.537
0.457
0.451
0.43
0.484
0.619
0.534
0.454
0.473
0.431
0.522
0.499
0.452
0.454
