1.186
1.091
1.085
0.997
1.077
1.1
1.147
1.101
1.14
1.053
1.073
1.06
1.033
1.115
1.143
1.169
1.251
1.149
1.187
1.117
1.09
1.12
1.202
1.411
1.244
1.437
1.176
1.254
1.11
1.164
1.235
1.479
1.326
1.315
1.398
1.251
1.325
1.426
1.321
1.352
1.383
1.415
1.388
1.217
1.179
1.296
1.471
1.313
1.349
1.229
1.307
1.282
1.451
1.327
1.383
1.529
1.321
1.345
1.403
1.325
1.382
1.291
1.328
1.299
1.361
1.45
1.354
1.42
1.339
1.52
1.444
1.569
1.437
1.651
1.54
1.442
1.502
1.636
1.503
1.426
1.719
1.496
1.586
1.511
1.601
1.52
1.539
1.552
1.471
1.603
1.847
1.564
1.619
1.644
1.68
1.506
1.8
1.726
1.551
1.648
