0.438
0.415
0.383
0.348
0.322
0.314
0.338
0.374
0.309
0.362
0.343
0.336
0.32
0.334
0.28
0.324
0.392
0.371
0.317
0.351
0.359
0.329
0.37
0.316
0.358
0.299
0.414
0.314
0.371
0.34
0.372
0.386
0.313
0.385
0.358
0.405
0.359
0.377
0.426
0.443
0.414
0.391
0.368
0.368
0.363
0.39
0.457
0.333
0.387
0.452
0.367
0.415
0.36
0.351
0.456
0.439
0.485
0.423
0.413
0.396
0.378
0.362
0.415
0.469
0.425
0.382
0.352
0.506
0.397
0.382
0.413
0.397
0.421
0.414
0.412
0.414
0.399
0.402
0.403
0.46
0.414
0.378
0.411
0.444
0.447
0.39
0.43
0.378
0.591
0.496
0.424
0.52
0.413
0.557
0.389
0.463
0.449
0.455
0.634
0.451
0.545
0.461
0.518
0.497
0.528
