1.475
1.227
1.436
1.453
1.559
1.332
1.343
1.312
1.351
1.384
1.408
1.458
1.36
1.396
1.436
1.27
1.421
1.493
1.433
1.402
1.51
1.449
1.316
1.457
1.499
1.285
1.368
1.347
1.376
1.224
1.364
1.417
1.265
1.282
1.609
1.455
1.421
1.348
1.414
1.281
1.456
1.288
1.31
1.392
1.38
1.482
1.376
1.445
1.342
1.743
1.437
1.359
1.422
1.838
1.499
1.235
1.427
1.431
1.459
1.388
1.522
1.414
1.468
1.229
1.503
1.532
1.315
1.278
1.42
1.307
1.374
1.534
1.367
1.555
1.256
1.431
1.339
1.469
1.321
1.17
1.278
1.449
1.359
1.326
1.38
1.349
1.399
1.303
1.289
1.29
1.408
1.533
1.351
1.509
1.371
1.499
1.484
1.388
1.439
1.261
1.4
