0.872
0.649
0.68
0.819
0.76
0.695
0.732
0.685
0.71
0.842
0.682
0.77
0.708
0.809
0.925
0.681
0.819
0.712
0.739
0.686
0.744
0.77
0.776
0.801
0.754
0.724
0.955
0.918
0.908
0.914
0.896
0.985
0.879
0.862
1.004
0.895
0.875
0.882
1.012
0.861
0.912
0.837
0.965
0.919
1.145
0.926
1.067
0.961
1.116
0.948
1.054
1.004
0.927
0.965
1.037
0.958
0.971
1.007
1.124
1.034
1.104
0.975
1.139
1.013
1.177
0.893
1.081
0.965
0.928
1.158
1.065
1.037
1.113
1.077
1.097
1.072
1.083
0.965
1.102
1.055
1.106
1.059
1.233
1.085
1.278
1.175
1.218
1.1
1.21
1.093
1.088
1.172
1.049
1.107
1.111
1.196
1.166
1.091
1.186
1.302
