0.091
0.069
0.073
0.102
0.084
0.067
0.067
0.061
0.096
0.079
0.104
0.07
0.093
0.059
0.08
0.068
0.073
0.091
0.075
0.062
0.061
0.074
0.072
0.063
0.103
0.06
0.064
0.064
0.066
0.061
0.056
0.062
0.065
0.059
0.069
0.057
0.062
0.061
0.064
0.058
0.072
0.094
0.072
0.057
0.064
0.068
0.071
0.063
0.063
0.064
0.063
0.091
0.057
0.057
0.052
0.073
0.073
0.056
0.062
0.083
0.065
0.058
0.058
0.062
0.072
0.065
0.07
0.066
0.081
0.06
0.065
0.063
0.064
0.083
0.06
0.059
0.084
0.067
0.065
0.082
0.065
0.064
0.072
0.063
0.06
0.065
0.06
0.065
0.079
0.069
0.08
0.092
0.071
0.06
0.084
0.082
0.07
0.101
0.093
0.067
0.07
