0.052
0.055
0.024
0.014
0.023
0.012
0.013
0.023
0.012
0.014
0.016
0.022
0.015
0.017
0.018
0.021
0.016
0.013
0.026
0.019
0.017
0.015
0.015
0.013
0.013
0.02
0.017
0.021
0.018
0.019
0.027
0.018
0.013
0.014
0.029
0.021
0.025
0.017
0.017
0.012
0.017
0.021
0.021
0.012
0.014
0.017
0.023
0.013
0.012
0.019
0.023
0.019
0.019
0.015
0.013
0.028
0.015
0.013
0.011
0.016
0.015
0.033
0.019
0.017
0.023
0.019
0.041
0.013
0.016
0.014
0.013
0.023
0.012
0.019
0.02
0.018
0.016
0.023
0.016
0.014
0.016
0.018
0.021
0.02
0.017
0.023
0.029
0.019
0.021
0.028
0.029
0.015
0.015
0.027
0.022
0.017
0.039
0.018
0.014
0.015
