0.046
0.017
0.014
0.014
0.012
0.015
0.014
0.019
0.011
0.012
0.015
0.014
0.026
0.011
0.013
0.01
0.014
0.015
0.024
0.05
0.012
0.016
0.026
0.015
0.011
0.026
0.025
0.012
0.016
0.011
0.031
0.012
0.019
0.012
0.015
0.01
0.019
0.015
0.009
0.013
0.021
0.032
0.012
0.017
0.023
0.02
0.018
0.02
0.019
0.014
0.033
0.012
0.014
0.024
0.016
0.015
0.015
0.015
0.012
0.014
0.014
0.018
0.025
0.013
0.016
0.035
0.018
0.022
0.015
0.017
0.018
0.013
0.017
0.024
0.013
0.015
0.015
0.012
0.017
0.018
0.02
0.026
0.019
0.015
0.011
0.011
0.013
0.017
0.013
0.013
0.01
0.025
0.013
0.022
0.011
0.012
0.018
0.012
0.014
0.015
0.014
0.01
0.023
0.014
0.013
