0.028
0.018
0.035
0.017
0.019
0.017
0.015
0.018
0.017
0.016
0.017
0.016
0.041
0.014
0.015
0.019
0.027
0.02
0.015
0.015
0.019
0.017
0.017
0.019
0.017
0.021
0.021
0.021
0.015
0.015
0.019
0.017
0.015
0.016
0.02
0.018
0.016
0.014
0.019
0.028
0.022
0.024
0.015
0.014
0.018
0.014
0.015
0.017
0.015
0.015
0.017
0.017
0.016
0.024
0.021
0.019
0.018
0.018
0.023
0.013
0.015
0.014
0.014
0.026
0.021
0.026
0.015
0.016
0.022
0.016
0.017
0.015
0.017
0.015
0.02
0.017
0.022
0.014
0.017
0.016
0.014
0.016
0.016
0.014
0.016
0.018
0.017
0.026
0.019
0.016
0.015
0.017
0.02
0.016
0.013
0.018
0.021
0.018
0.017
0.025
0.015
0.024
