0.055
0.026
0.021
0.021
0.018
0.019
0.02
0.028
0.022
0.017
0.017
0.018
0.019
0.02
0.018
0.021
0.033
0.021
0.018
0.016
0.021
0.034
0.024
0.016
0.017
0.018
0.024
0.015
0.019
0.018
0.03
0.021
0.03
0.027
0.024
0.024
0.022
0.018
0.016
0.019
0.018
0.016
0.016
0.022
0.016
0.024
0.021
0.019
0.019
0.017
0.013
0.024
0.017
0.021
0.019
0.029
0.021
0.017
0.016
0.015
0.02
0.018
0.018
0.018
0.021
0.018
0.016
0.02
0.015
0.016
0.021
0.016
0.021
0.016
0.026
0.016
0.023
0.019
0.02
0.015
0.021
0.016
0.021
0.021
0.018
0.021
0.021
0.019
0.018
0.017
0.018
0.018
0.017
0.016
0.018
0.02
0.017
0.018
0.019
0.017
0.018
0.019
