0.048
0.031
0.042
0.053
0.035
0.045
0.03
0.036
0.043
0.036
0.034
0.037
0.038
0.048
0.032
0.03
0.03
0.038
0.032
0.039
0.034
0.03
0.049
0.047
0.034
0.035
0.037
0.034
0.033
0.034
0.033
0.047
0.035
0.033
0.04
0.039
0.033
0.032
0.036
0.033
0.047
0.029
0.036
0.055
0.035
0.028
0.028
0.028
0.026
0.047
0.027
0.047
0.042
0.026
0.039
0.045
0.033
0.034
0.053
0.027
0.042
0.034
0.04
0.036
0.087
0.04
0.038
0.032
0.032
0.036
0.037
0.033
0.038
0.035
0.041
0.042
0.041
0.033
0.029
0.032
0.049
0.037
0.049
0.031
0.028
0.034
0.044
0.038
0.04
0.032
0.033
0.03
0.029
0.031
0.03
0.038
0.026
0.04
0.039
0.034
0.033
0.042
