0.026
0.023
0.024
0.033
0.018
0.033
0.03
0.018
0.016
0.018
0.017
0.015
0.018
0.017
0.014
0.019
0.016
0.026
0.018
0.017
0.015
0.017
0.035
0.02
0.014
0.021
0.023
0.019
0.023
0.015
0.018
0.021
0.015
0.015
0.018
0.023
0.023
0.025
0.016
0.031
0.024
0.017
0.018
0.017
0.02
0.014
0.018
0.014
0.019
0.028
0.017
0.018
0.018
0.032
0.014
0.03
0.015
0.019
0.02
0.02
0.015
0.018
0.017
0.02
0.021
0.019
0.015
0.017
0.019
0.017
0.02
0.016
0.032
0.021
0.016
0.019
0.014
0.02
0.016
0.021
0.015
0.016
0.019
0.017
0.022
0.018
0.018
0.018
0.02
0.019
0.014
0.018
0.016
0.018
0.018
0.015
0.023
0.015
0.015
0.017
0.015
0.017
0.017
