0.027
0.018
0.016
0.013
0.023
0.022
0.018
0.013
0.021
0.022
0.013
0.014
0.014
0.018
0.014
0.011
0.012
0.015
0.011
0.024
0.027
0.024
0.015
0.012
0.019
0.019
0.019
0.01
0.025
0.016
0.031
0.015
0.017
0.012
0.014
0.013
0.013
0.019
0.019
0.013
0.011
0.017
0.021
0.018
0.013
0.015
0.015
0.013
0.026
0.034
0.026
0.017
0.014
0.013
0.014
0.038
0.011
0.02
0.016
0.024
0.015
0.013
0.013
0.015
0.028
0.013
0.012
0.017
0.023
0.013
0.018
0.015
0.013
0.021
0.017
0.01
0.015
0.011
0.015
0.02
0.012
0.015
0.015
0.014
0.024
0.014
0.024
0.019
0.017
0.014
0.016
0.027
0.018
0.019
0.019
0.018
0.013
0.04
0.025
0.015
0.015
0.03
0.016
0.011
