0.12
0.105
0.078
0.066
0.102
0.094
0.102
0.101
0.075
0.074
0.08
0.08
0.096
0.079
0.079
0.102
0.09
0.085
0.107
0.065
0.085
0.087
0.078
0.069
0.089
0.095
0.083
0.063
0.084
0.068
0.062
0.09
0.073
0.071
0.106
0.068
0.069
0.111
0.074
0.096
0.081
0.079
0.061
0.079
0.058
0.057
0.074
0.079
0.09
0.075
0.086
0.09
0.087
0.095
0.084
0.092
0.066
0.104
0.079
0.067
0.086
0.086
0.071
0.069
0.1
0.096
0.091
0.09
0.062
0.078
0.083
0.092
0.064
0.075
0.063
0.076
0.065
0.094
0.1
0.092
0.081
0.068
0.065
0.104
0.094
0.071
0.069
0.068
0.078
0.102
0.07
0.088
0.082
0.1
0.089
0.064
0.076
0.099
0.084
0.084
0.091
