0.085
0.069
0.067
0.073
0.065
0.056
0.095
0.1
0.073
0.071
0.087
0.077
0.058
0.056
0.065
0.06
0.069
0.06
0.065
0.081
0.064
0.066
0.09
0.088
0.062
0.06
0.066
0.062
0.065
0.058
0.057
0.064
0.062
0.079
0.088
0.065
0.061
0.058
0.067
0.066
0.055
0.071
0.062
0.085
0.056
0.056
0.103
0.063
0.07
0.057
0.066
0.073
0.072
0.053
0.069
0.083
0.06
0.084
0.066
0.06
0.063
0.081
0.103
0.063
0.08
0.064
0.069
0.057
0.1
0.081
0.06
0.057
0.056
0.066
0.06
0.061
0.057
0.057
0.061
0.059
0.068
0.06
0.056
0.054
0.077
0.056
0.06
0.065
0.057
0.095
0.064
0.066
0.071
0.063
0.057
0.074
0.087
0.063
0.07
0.063
0.064
0.099
0.104
0.104
0.063
0.065
0.058
