0.035
0.197
0.014
0.06
0.021
0.012
0.02
0.016
0.027
0.017
0.013
0.014
0.016
0.019
0.018
0.014
0.014
0.013
0.02
0.013
0.015
0.013
0.019
0.014
0.014
0.013
0.012
0.014
0.016
0.021
0.012
0.018
0.019
0.014
0.015
0.015
0.02
0.016
0.014
0.014
0.021
0.015
0.013
0.015
0.014
0.024
0.014
0.01
0.016
0.014
0.02
0.025
0.011
0.014
0.018
0.015
0.02
0.02
0.014
0.017
0.014
0.013
0.014
0.013
0.022
0.026
0.021
0.015
0.018
0.024
0.021
0.014
0.015
0.017
0.016
0.014
0.023
0.012
0.014
0.028
0.016
0.021
0.017
0.021
0.011
0.018
0.014
0.027
0.014
0.012
0.016
0.012
0.019
0.013
0.018
0.011
0.018
0.021
0.024
0.015
0.015
0.019
0.02
