0.055
0.068
0.035
0.05
0.06
0.033
0.052
0.047
0.051
0.036
0.063
0.035
0.039
0.04
0.038
0.035
0.032
0.044
0.055
0.031
0.041
0.048
0.042
0.05
0.03
0.035
0.044
0.062
0.033
0.043
0.033
0.043
0.047
0.046
0.046
0.044
0.047
0.033
0.04
0.043
0.043
0.051
0.041
0.047
0.031
0.041
0.037
0.039
0.034
0.037
0.047
0.029
0.049
0.046
0.058
0.05
0.053
0.04
0.038
0.037
0.035
0.031
0.05
0.047
0.044
0.048
0.032
0.039
0.041
0.04
0.042
0.035
0.033
0.032
0.034
0.04
0.041
0.049
0.044
0.042
0.036
0.033
0.033
0.052
0.04
0.044
0.052
0.04
0.048
0.036
0.048
0.043
0.034
0.045
0.043
0.047
0.037
0.03
0.037
0.034
0.058
