0.034
0.037
0.016
0.016
0.016
0.027
0.026
0.026
0.017
0.031
0.02
0.019
0.018
0.026
0.025
0.017
0.013
0.039
0.02
0.036
0.024
0.038
0.018
0.019
0.014
0.041
0.016
0.02
0.017
0.02
0.017
0.028
0.013
0.023
0.024
0.016
0.018
0.014
0.018
0.013
0.013
0.026
0.02
0.019
0.013
0.015
0.03
0.015
0.013
0.012
0.019
0.018
0.014
0.012
0.015
0.02
0.016
0.016
0.012
0.014
0.017
0.014
0.016
0.017
0.016
0.022
0.02
0.023
0.024
0.023
0.023
0.021
0.02
0.026
0.031
0.019
0.017
0.017
0.021
0.021
0.035
0.016
0.016
0.024
0.025
0.015
0.021
0.017
0.016
0.018
0.066
0.016
0.017
0.028
0.016
0.015
0.02
0.069
0.014
0.02
