0.065
0.031
0.035
0.054
0.052
0.044
0.058
0.056
0.038
0.045
0.041
0.031
0.042
0.04
0.031
0.028
0.041
0.03
0.038
0.041
0.037
0.032
0.028
0.027
0.03
0.039
0.029
0.035
0.058
0.033
0.03
0.031
0.046
0.036
0.041
0.037
0.032
0.031
0.032
0.04
0.031
0.042
0.038
0.064
0.044
0.039
0.047
0.04
0.046
0.054
0.04
0.034
0.028
0.037
0.038
0.035
0.044
0.051
0.036
0.029
0.05
0.064
0.034
0.04
0.029
0.053
0.032
0.03
0.036
0.044
0.035
0.033
0.034
0.043
0.032
0.041
0.038
0.047
0.037
0.05
0.043
0.042
0.051
0.048
0.038
0.051
0.036
0.029
0.035
0.03
0.043
0.034
0.033
0.037
0.039
0.042
0.032
0.037
0.045
0.042
