0.039
0.043
0.048
0.042
0.044
0.045
0.06
0.057
0.051
0.051
0.058
0.047
0.039
0.066
0.046
0.061
0.046
0.047
0.053
0.051
0.07
0.05
0.055
0.07
0.053
0.042
0.052
0.054
0.066
0.044
0.049
0.051
0.049
0.044
0.051
0.06
0.045
0.044
0.051
0.059
0.048
0.048
0.048
0.049
0.064
0.055
0.05
0.046
0.058
0.054
0.044
0.047
0.051
0.047
0.051
0.054
0.045
0.045
0.049
0.059
0.044
0.054
0.043
0.035
0.04
0.04
0.035
0.042
0.077
0.046
0.044
0.04
0.047
0.044
0.036
0.053
0.039
0.058
0.043
0.049
0.042
0.05
0.046
0.04
0.046
0.054
0.046
0.052
0.036
0.046
0.055
0.051
0.043
0.047
0.05
0.045
0.05
0.051
0.043
0.05
0.06
