0.031
0.029
0.029
0.026
0.028
0.014
0.028
0.025
0.03
0.029
0.028
0.028
0.03
0.025
0.03
0.024
0.021
0.035
0.029
0.032
0.027
0.029
0.03
0.034
0.029
0.029
0.028
0.032
0.022
0.036
0.023
0.026
0.029
0.026
0.029
0.023
0.028
0.026
0.029
0.027
0.028
0.022
0.027
0.025
0.026
0.025
0.029
0.025
0.028
0.029
0.025
0.024
0.03
0.031
0.027
0.029
0.021
0.026
0.03
0.028
0.039
0.029
0.027
0.034
0.03
0.03
0.025
0.027
0.027
0.021
0.029
0.031
0.025
0.027
0.03
0.026
0.033
0.026
0.027
0.026
0.028
0.027
0.029
0.027
0.036
0.028
0.028
0.031
0.016
0.033
0.02
0.03
0.028
0.028
0.025
0.029
0.027
0.02
0.025
0.028
0.03
0.028
0.035
0.033
0.027
0.028
0.031
0.03
0.022
0.03
0.031
0.029
0.028
0.031
0.029
0.029
0.046
0.027
0.028
0.03
0.029
