0.053
0.068
0.147
0.051
0.066
0.053
0.052
0.061
0.052
0.079
0.065
0.065
0.064
0.052
0.145
0.05
0.054
0.053
0.055
0.057
0.064
0.079
0.054
0.046
0.051
0.073
0.059
0.056
0.06
0.056
0.069
0.059
0.053
0.054
0.076
0.066
0.066
0.072
0.054
0.053
0.056
0.065
0.051
0.053
0.055
0.055
0.086
0.061
0.047
0.063
0.043
0.048
0.052
0.054
0.052
0.055
0.06
0.074
0.083
0.058
0.057
0.054
0.061
0.061
0.055
0.076
0.047
0.064
0.052
0.051
0.072
0.054
0.054
0.051
0.054
0.065
0.055
0.053
0.058
0.065
0.051
0.054
0.083
0.05
0.055
0.056
0.055
0.054
0.051
0.067
0.047
0.052
0.081
0.06
0.077
0.064
0.06
0.058
0.063
0.041
0.047
0.092
0.048
