0.082
0.059
0.071
0.082
0.06
0.057
0.047
0.062
0.051
0.058
0.059
0.061
0.094
0.066
0.059
0.055
0.065
0.059
0.05
0.067
0.051
0.047
0.05
0.057
0.071
0.056
0.076
0.058
0.058
0.065
0.094
0.067
0.081
0.064
0.055
0.053
0.072
0.06
0.059
0.057
0.055
0.049
0.085
0.045
0.065
0.072
0.073
0.061
0.053
0.07
0.051
0.079
0.052
0.072
0.053
0.051
0.057
0.054
0.065
0.083
0.067
0.053
0.075
0.056
0.049
0.063
0.057
0.068
0.05
0.048
0.072
0.077
0.059
0.064
0.067
0.059
0.059
0.058
0.085
0.078
0.059
0.06
0.058
0.099
0.053
0.05
0.05
0.073
0.083
0.077
0.058
0.046
0.07
0.06
0.061
0.065
0.077
0.083
0.066
0.05
0.051
0.059
0.06
0.061
0.063
0.064
0.068
0.09
0.062
0.061
0.059
