0.027
0.034
0.032
0.031
0.029
0.025
0.037
0.03
0.029
0.031
0.029
0.037
0.034
0.029
0.029
0.028
0.029
0.028
0.032
0.027
0.027
0.034
0.032
0.036
0.029
0.031
0.034
0.028
0.031
0.031
0.03
0.035
0.03
0.033
0.028
0.033
0.031
0.031
0.03
0.036
0.032
0.036
0.032
0.041
0.03
0.025
0.031
0.034
0.036
0.032
0.031
0.03
0.036
0.031
0.031
0.03
0.031
0.031
0.03
0.033
0.03
0.032
0.032
0.037
0.028
0.022
0.03
0.031
0.034
0.034
0.032
0.033
0.029
0.029
0.034
0.03
0.029
0.029
0.033
0.032
0.031
0.033
0.03
0.032
0.035
0.035
0.031
0.031
0.033
0.033
0.03
0.034
0.033
0.029
0.035
0.027
0.031
0.031
0.036
0.029
0.031
