0.262
0.288
0.314
0.243
0.255
0.209
0.304
0.307
0.256
0.222
0.291
0.25
0.266
0.301
0.511
0.371
0.398
0.489
0.228
0.415
0.241
0.423
0.407
0.312
0.273
0.407
0.451
0.515
0.434
0.249
0.577
0.333
0.401
0.393
0.308
0.234
0.225
0.324
0.287
0.3
0.291
0.238
0.373
0.484
0.277
0.307
0.384
0.372
0.454
0.304
0.291
0.24
0.277
0.597
0.384
0.233
0.249
0.303
0.324
0.386
0.25
0.399
0.278
0.243
0.268
0.391
0.26
0.297
0.356
0.348
0.24
0.35
0.386
0.247
0.287
0.385
0.355
0.277
0.301
0.271
0.307
0.233
0.245
0.419
0.395
0.438
0.338
0.292
0.305
0.252
0.36
0.328
0.268
0.344
0.239
0.227
0.359
0.236
0.261
0.301
0.296
0.322
0.279
