0.038
0.042
0.055
0.039
0.045
0.056
0.046
0.036
0.044
0.043
0.041
0.041
0.042
0.042
0.047
0.046
0.039
0.039
0.044
0.044
0.045
0.038
0.044
0.041
0.047
0.036
0.039
0.04
0.046
0.044
0.043
0.048
0.04
0.05
0.051
0.051
0.043
0.039
0.046
0.045
0.046
0.032
0.045
0.041
0.055
0.047
0.048
0.046
0.028
0.042
0.042
0.047
0.048
0.043
0.047
0.039
0.04
0.049
0.04
0.055
0.043
0.038
0.043
0.041
0.048
0.035
0.04
0.04
0.043
0.046
0.042
0.043
0.046
0.029
0.047
0.055
0.037
0.035
0.048
0.041
0.04
0.055
0.046
0.047
0.04
0.045
0.042
0.043
0.048
0.03
0.036
0.05
0.048
0.042
0.04
0.045
0.036
0.049
0.042
0.047
