0.072
0.065
0.072
0.067
0.064
0.065
0.06
0.075
0.07
0.066
0.063
0.061
0.065
0.059
0.072
0.062
0.075
0.063
0.062
0.072
0.069
0.061
0.064
0.067
0.077
0.061
0.063
0.062
0.075
0.061
0.063
0.074
0.064
0.063
0.068
0.068
0.066
0.062
0.063
0.064
0.063
0.063
0.066
0.069
0.072
0.067
0.065
0.063
0.063
0.06
0.071
0.062
0.063
0.067
0.064
0.081
0.064
0.06
0.068
0.063
0.061
0.073
0.067
0.065
0.063
0.071
0.071
0.07
0.063
0.065
0.06
0.064
0.074
0.063
0.075
0.061
0.065
0.068
0.073
0.064
0.062
0.073
0.071
0.09
0.059
0.067
0.068
0.065
0.06
0.064
0.064
0.064
0.062
0.078
0.072
0.071
0.067
0.066
0.067
0.072
0.074
