0.078
0.038
0.043
0.048
0.058
0.041
0.034
0.039
0.033
0.042
0.039
0.042
0.041
0.04
0.043
0.049
0.038
0.034
0.04
0.042
0.039
0.043
0.05
0.045
0.041
0.043
0.044
0.039
0.042
0.047
0.048
0.04
0.036
0.045
0.039
0.043
0.043
0.052
0.045
0.032
0.038
0.038
0.043
0.041
0.042
0.039
0.041
0.049
0.047
0.043
0.039
0.035
0.041
0.042
0.037
0.04
0.04
0.04
0.049
0.039
0.043
0.047
0.037
0.046
0.036
0.044
0.041
0.043
0.043
0.046
0.037
0.053
0.045
0.039
0.031
0.04
0.041
0.041
0.041
0.044
0.037
0.034
0.052
0.04
0.049
0.041
0.045
0.042
0.044
0.041
0.048
0.043
0.032
0.044
0.046
0.049
0.041
0.042
0.049
0.041
0.043
0.043
0.06
