0.046
0.067
0.062
0.069
0.055
0.061
0.071
0.062
0.054
0.056
0.06
0.057
0.058
0.066
0.062
0.07
0.065
0.078
0.073
0.072
0.06
0.078
0.063
0.066
0.057
0.066
0.065
0.062
0.056
0.066
0.061
0.063
0.064
0.061
0.057
0.069
0.063
0.067
0.062
0.064
0.058
0.063
0.051
0.063
0.068
0.066
0.057
0.068
0.058
0.068
0.056
0.072
0.074
0.044
0.064
0.056
0.063
0.056
0.075
0.064
0.069
0.056
0.063
0.063
0.06
0.062
0.061
0.066
0.061
0.057
0.062
0.07
0.056
0.061
0.058
0.065
0.062
0.065
0.06
0.071
0.063
0.067
0.058
0.06
0.063
0.066
0.058
0.067
0.054
0.061
0.062
0.064
0.067
0.067
0.073
0.074
0.061
0.071
0.078
0.059
0.062
0.064
0.069
0.063
0.058
0.071
0.064
0.071
0.062
0.062
0.064
0.061
0.046
0.085
0.067
0.061
0.065
0.06
0.062
0.06
0.061
0.071
0.069
0.058
0.066
0.061
0.066
0.08
