0.032
0.04
0.033
0.044
0.022
0.041
0.024
0.032
0.036
0.031
0.032
0.03
0.029
0.044
0.04
0.034
0.029
0.035
0.037
0.04
0.027
0.037
0.042
0.046
0.03
0.034
0.041
0.029
0.041
0.043
0.03
0.032
0.03
0.032
0.029
0.047
0.029
0.03
0.039
0.035
0.038
0.039
0.027
0.029
0.039
0.028
0.026
0.026
0.028
0.028
0.027
0.038
0.03
0.032
0.045
0.033
0.036
0.038
0.029
0.031
0.024
0.033
0.029
0.03
0.039
0.029
0.032
0.03
0.031
0.039
0.032
0.033
0.029
0.031
0.038
0.03
0.033
0.032
0.039
0.035
0.043
0.03
0.045
0.037
0.035
0.024
0.036
0.036
0.033
0.04
0.03
0.029
0.029
0.027
0.032
0.028
0.027
0.039
0.037
0.054
