0.028
0.034
0.031
0.027
0.035
0.036
0.032
0.031
0.037
0.037
0.035
0.032
0.025
0.034
0.033
0.043
0.032
0.033
0.038
0.035
0.037
0.04
0.036
0.033
0.039
0.035
0.037
0.038
0.032
0.033
0.036
0.032
0.033
0.035
0.044
0.035
0.04
0.033
0.032
0.034
0.038
0.038
0.037
0.042
0.034
0.032
0.029
0.034
0.032
0.034
0.032
0.031
0.035
0.036
0.029
0.036
0.031
0.033
0.032
0.042
0.035
0.038
0.047
0.038
0.034
0.034
0.039
0.029
0.039
0.039
0.034
0.035
0.034
0.036
0.038
0.039
0.034
0.032
0.038
0.032
0.036
0.042
0.036
0.034
0.038
0.028
0.035
0.029
0.038
0.032
0.036
0.033
0.036
0.035
0.037
0.037
0.038
0.033
0.035
0.037
