0.815
0.812
0.846
0.821
0.799
0.821
0.847
0.853
0.834
0.797
0.838
0.845
0.86
0.808
0.881
0.927
0.813
0.752
0.753
0.93
0.789
0.823
0.751
0.898
0.821
0.838
0.841
0.935
0.824
0.838
0.896
0.815
0.842
0.946
0.855
0.878
0.802
0.844
0.833
1.017
0.794
0.753
0.807
0.835
0.815
0.838
0.899
0.795
0.802
0.891
0.859
1.065
0.795
0.797
0.926
0.925
0.943
0.818
0.833
0.85
0.878
0.769
0.827
1.008
0.872
0.825
0.823
0.911
0.854
0.782
0.913
0.799
0.761
0.793
0.817
0.875
0.941
0.767
0.851
0.85
0.782
0.795
0.903
0.8
0.805
0.846
0.921
0.799
0.863
0.967
0.944
0.842
0.841
0.954
0.814
0.858
0.889
0.877
0.852
0.826
0.812
0.912
0.734
0.836
0.783
0.813
0.821
0.829
0.654
0.84
