1.019
0.995
0.96
0.894
0.804
1.03
0.996
0.911
1.171
1.169
0.876
0.962
0.921
1.199
1.085
1.253
0.976
1.027
1.165
0.986
1.121
0.982
1.144
1.101
0.995
0.998
0.981
1.016
1.155
0.905
0.935
1.098
1.062
1.125
1.013
0.881
0.939
0.906
1.103
1.14
1.087
0.96
1.045
1.246
1.103
0.932
0.905
0.934
1.042
1.31
1.053
1.005
0.952
0.932
1.123
1.135
1.104
1.108
1.133
0.88
0.858
0.879
1.122
1.131
1.029
1.282
1.182
1.081
1.221
1.147
0.912
1.166
0.962
0.971
0.935
1.065
0.948
1.115
1.168
0.999
0.967
0.833
0.992
0.925
1.229
1.226
0.895
0.907
0.915
0.885
0.963
0.924
0.965
0.939
0.964
1.015
1.074
0.879
1.145
1.048
0.927
0.922
0.978
1.02
0.922
0.993
