0.361
0.484
0.357
0.387
0.456
0.334
0.427
0.339
0.35
0.327
0.3
0.362
0.417
0.335
0.381
0.289
0.443
0.309
0.335
0.355
0.399
0.316
0.346
0.439
0.476
0.329
0.428
0.395
0.286
0.429
0.384
0.353
0.33
0.426
0.434
0.37
0.448
0.401
0.335
0.426
0.356
0.419
0.321
0.453
0.34
0.474
0.296
0.397
0.322
0.33
0.33
0.405
0.308
0.368
0.36
0.351
0.44
0.372
0.385
0.344
0.292
0.288
0.338
0.405
0.354
0.333
0.345
0.354
0.437
0.304
0.383
0.334
0.362
0.445
0.338
0.401
0.381
0.37
0.412
0.31
0.362
0.518
0.354
0.441
0.394
0.313
0.334
0.364
0.361
0.42
0.39
0.337
0.45
0.335
0.394
0.43
0.36
0.365
0.296
0.354
0.333
0.393
