0.056
0.067
0.042
0.058
0.062
0.062
0.06
0.066
0.062
0.039
0.065
0.062
0.056
0.053
0.053
0.063
0.069
0.053
0.055
0.077
0.037
0.052
0.038
0.092
0.056
0.066
0.052
0.075
0.06
0.053
0.063
0.055
0.061
0.057
0.06
0.059
0.067
0.04
0.064
0.081
0.079
0.053
0.064
0.062
0.063
0.043
0.06
0.062
0.053
0.075
0.077
0.053
0.068
0.092
0.054
0.051
0.066
0.085
0.047
0.056
0.082
0.067
0.07
0.076
0.06
0.053
0.066
0.042
0.066
0.069
0.066
0.064
0.059
0.06
0.064
0.07
0.062
0.039
0.056
0.101
0.044
0.062
0.06
0.055
0.062
0.057
0.042
0.077
0.08
0.058
0.046
0.049
0.062
0.053
0.053
0.057
0.069
0.062
0.102
0.058
0.049
0.08
0.07
0.076
0.059
0.065
0.06
0.049
