0.027
0.042
0.049
0.041
0.046
0.052
0.041
0.033
0.039
0.032
0.041
0.035
0.028
0.043
0.054
0.042
0.047
0.033
0.047
0.03
0.034
0.033
0.037
0.065
0.045
0.048
0.037
0.046
0.036
0.036
0.033
0.043
0.042
0.032
0.026
0.03
0.036
0.038
0.042
0.041
0.042
0.037
0.031
0.046
0.044
0.035
0.045
0.033
0.038
0.041
0.033
0.042
0.034
0.039
0.036
0.06
0.032
0.038
0.04
0.034
0.035
0.04
0.034
0.044
0.036
0.04
0.036
0.036
0.039
0.041
0.042
0.034
0.035
0.038
0.041
0.045
0.03
0.035
0.042
0.044
0.045
0.031
0.037
0.042
0.03
0.041
0.048
0.035
0.035
0.036
0.036
0.041
0.031
0.035
0.041
0.032
0.035
0.04
0.041
0.05
0.034
0.03
