0.057
0.056
0.054
0.054
0.055
0.061
0.056
0.057
0.045
0.064
0.055
0.055
0.055
0.045
0.06
0.059
0.057
0.056
0.059
0.056
0.045
0.058
0.054
0.057
0.066
0.055
0.069
0.061
0.054
0.057
0.064
0.066
0.062
0.055
0.062
0.058
0.052
0.058
0.06
0.052
0.07
0.057
0.053
0.056
0.056
0.058
0.058
0.059
0.06
0.061
0.054
0.054
0.063
0.052
0.056
0.059
0.063
0.055
0.061
0.056
0.065
0.072
0.059
0.055
0.051
0.06
0.057
0.055
0.063
0.06
0.058
0.07
0.059
0.061
0.055
0.061
0.067
0.057
0.058
0.054
0.059
0.051
0.056
0.055
0.055
0.066
0.062
0.06
0.055
0.057
0.056
0.058
0.068
0.041
0.057
0.063
0.063
0.062
0.069
0.055
0.055
0.058
0.05
0.055
0.054
0.059
0.063
0.065
