0.027
0.021
0.033
0.029
0.025
0.033
0.027
0.027
0.03
0.018
0.026
0.029
0.028
0.021
0.022
0.026
0.034
0.036
0.036
0.027
0.029
0.037
0.031
0.023
0.024
0.025
0.025
0.028
0.019
0.023
0.027
0.042
0.02
0.031
0.026
0.033
0.016
0.03
0.026
0.024
0.018
0.03
0.035
0.034
0.033
0.038
0.015
0.029
0.028
0.026
0.034
0.027
0.031
0.02
0.026
0.034
0.028
0.023
0.025
0.031
0.029
0.028
0.029
0.03
0.021
0.032
0.026
0.028
0.029
0.021
0.015
0.039
0.02
0.029
0.027
0.031
0.028
0.022
0.028
0.029
0.026
0.019
0.023
0.029
0.036
0.03
0.025
0.04
0.029
0.028
0.032
0.04
0.033
0.038
0.029
0.024
0.033
0.028
0.019
0.027
0.029
