0.69
0.685
0.549
0.438
0.275
0.42
0.401
0.298
0.34
0.408
0.375
0.41
0.359
0.408
0.326
0.315
0.426
0.376
0.368
0.419
0.356
0.487
0.273
0.463
0.423
0.396
0.317
0.34
0.359
0.39
0.524
0.318
0.405
0.37
0.423
0.305
0.439
0.338
0.341
0.36
0.362
0.36
0.323
0.466
0.279
0.316
0.423
0.27
0.497
0.358
0.427
0.421
0.437
0.379
0.371
0.41
0.344
0.435
0.47
0.385
0.376
0.335
0.39
0.487
0.533
0.512
0.413
0.455
0.516
0.357
0.379
0.474
0.389
0.49
0.336
0.398
0.283
0.502
0.304
0.302
0.312
0.366
0.383
0.362
0.408
0.322
0.364
0.364
0.328
0.518
0.409
0.385
0.459
0.376
0.346
0.478
0.36
0.428
0.324
0.507
0.37
0.336
0.409
0.337
0.521
0.349
0.454
0.274
0.522
0.328
0.408
0.476
0.359
0.457
0.371
0.345
0.428
0.435
0.377
0.495
0.344
0.434
0.449
0.411
0.439
0.405
0.426
0.413
0.425
0.403
0.485
0.391
0.466
0.475
0.459
0.432
0.517
0.425
0.382
0.361
0.449
0.391
0.402
0.448
0.448
0.469
0.45
0.367
0.29
0.508
0.43
0.437
0.467
0.499
0.506
0.458
0.5
0.363
0.307
