0.258
0.326
0.224
0.253
0.238
0.317
0.244
0.201
0.206
0.22
0.227
0.295
0.321
0.255
0.171
0.312
0.24
0.192
0.245
0.218
0.307
0.22
0.224
0.258
0.329
0.197
0.298
0.269
0.227
0.218
0.254
0.241
0.197
0.257
0.223
0.305
0.199
0.228
0.229
0.194
0.264
0.264
0.244
0.235
0.239
0.188
0.267
0.289
0.181
0.303
0.202
0.194
0.339
0.28
0.25
0.236
0.331
0.246
0.27
0.239
0.243
0.268
0.26
0.206
0.183
0.315
0.299
0.254
0.175
0.374
0.368
0.194
0.237
0.203
0.184
0.281
0.212
0.254
0.271
0.279
0.2
0.244
0.31
0.258
0.275
0.244
0.235
0.206
0.3
0.21
0.252
0.219
0.257
0.192
0.319
0.224
0.17
0.244
0.233
0.207
0.305
