0.295
0.337
0.29
0.26
0.272
0.319
0.234
0.292
0.305
0.305
0.316
0.304
0.379
0.292
0.253
0.306
0.304
0.286
0.237
0.321
0.234
0.236
0.297
0.32
0.287
0.367
0.247
0.29
0.333
0.282
0.259
0.32
0.279
0.272
0.365
0.27
0.299
0.321
0.31
0.249
0.282
0.239
0.317
0.276
0.256
0.244
0.279
0.321
0.254
0.254
0.299
0.231
0.237
0.342
0.254
0.282
0.217
0.232
0.321
0.328
0.223
0.25
0.265
0.308
0.276
0.363
0.268
0.309
0.239
0.316
0.23
0.288
0.378
0.338
0.386
0.355
0.346
0.299
0.251
0.272
0.307
0.264
0.297
0.295
0.271
0.282
0.244
0.306
0.292
0.347
0.294
0.236
0.358
0.328
0.339
0.234
0.294
0.3
0.27
0.276
0.286
0.247
