0.107
0.104
0.078
0.089
0.099
0.088
0.098
0.083
0.095
0.088
0.086
0.087
0.097
0.084
0.095
0.084
0.11
0.111
0.102
0.08
0.093
0.107
0.096
0.079
0.084
0.074
0.082
0.092
0.083
0.087
0.082
0.087
0.093
0.1
0.091
0.093
0.086
0.09
0.054
0.088
0.083
0.102
0.091
0.092
0.091
0.083
0.087
0.087
0.076
0.085
0.085
0.088
0.103
0.074
0.085
0.084
0.119
0.087
0.091
0.094
0.081
0.089
0.102
0.087
0.09
0.085
0.108
0.108
0.105
0.104
0.091
0.085
0.091
0.085
0.09
0.083
0.101
0.097
0.092
0.112
0.089
0.088
0.087
0.088
0.083
0.09
0.083
0.083
0.087
0.092
0.088
0.09
0.105
0.079
0.094
0.09
0.095
0.089
0.099
0.087
0.089
0.072
0.095
0.102
0.075
0.081
