0.93
0.89
0.977
0.854
0.766
0.795
0.762
0.982
0.902
1.001
0.781
0.94
0.956
0.962
0.876
0.957
0.867
0.967
0.878
0.838
0.843
0.791
1.04
0.925
0.957
0.952
0.903
0.889
0.861
0.866
0.959
0.886
0.841
0.987
0.969
0.841
0.833
0.812
0.994
0.84
0.832
0.813
0.85
1.1
0.889
0.872
0.862
1.156
1.03
0.934
0.938
0.893
0.928
0.998
1.013
1
1.015
0.91
0.847
0.982
1.04
1.143
0.944
0.775
0.826
0.788
0.827
0.93
0.983
0.828
0.873
1.071
1.09
0.81
0.943
0.877
0.769
0.804
0.901
0.93
0.854
0.929
0.89
1
0.91
0.857
0.992
1.015
1.102
1.072
0.968
0.893
0.811
0.883
1.053
0.896
0.785
0.892
0.87
0.832
0.957
0.883
