0.053
0.051
0.046
0.051
0.052
0.046
0.052
0.049
0.051
0.052
0.049
0.045
0.05
0.051
0.051
0.055
0.065
0.043
0.049
0.039
0.044
0.05
0.047
0.047
0.049
0.048
0.054
0.049
0.043
0.053
0.054
0.043
0.044
0.058
0.047
0.047
0.067
0.052
0.054
0.063
0.052
0.047
0.041
0.05
0.052
0.054
0.045
0.056
0.047
0.045
0.048
0.055
0.044
0.051
0.052
0.055
0.065
0.046
0.057
0.047
0.052
0.047
0.043
0.042
0.059
0.048
0.049
0.051
0.047
0.048
0.05
0.046
0.052
0.052
0.048
0.044
0.042
0.047
0.047
0.049
0.046
0.048
0.055
0.052
0.046
0.046
0.063
0.062
0.043
0.058
0.045
0.049
0.049
0.057
0.047
0.053
0.05
0.045
0.051
0.048
0.044
