0.349
0.348
0.496
0.3
0.303
0.261
0.331
0.326
0.241
0.326
0.299
0.375
0.382
0.299
0.481
0.383
0.259
0.383
0.293
0.352
0.351
0.39
0.296
0.355
0.421
0.31
0.346
0.429
0.389
0.311
0.342
0.292
0.377
0.428
0.265
0.465
0.379
0.25
0.408
0.413
0.33
0.394
0.405
0.29
0.335
0.38
0.509
0.391
0.343
0.283
0.424
0.248
0.276
0.318
0.271
0.245
0.531
0.344
0.26
0.363
0.309
0.342
0.404
0.262
0.393
0.3
0.383
0.413
0.487
0.466
0.375
0.401
0.253
0.484
0.296
0.311
0.267
0.242
0.248
0.334
0.297
0.479
0.28
0.401
0.294
0.344
0.283
0.376
0.403
0.262
0.399
0.313
0.419
0.292
0.368
0.376
0.456
0.286
0.447
0.256
0.25
0.4
0.289
0.364
0.366
