0.036
0.029
0.043
0.052
0.05
0.061
0.048
0.057
0.038
0.05
0.049
0.052
0.061
0.064
0.049
0.045
0.046
0.054
0.051
0.055
0.047
0.046
0.055
0.059
0.042
0.052
0.055
0.047
0.051
0.051
0.049
0.05
0.052
0.05
0.051
0.049
0.045
0.049
0.054
0.052
0.056
0.064
0.043
0.049
0.058
0.048
0.047
0.051
0.052
0.046
0.048
0.052
0.049
0.052
0.049
0.047
0.044
0.05
0.049
0.067
0.046
0.056
0.045
0.05
0.048
0.044
0.049
0.051
0.042
0.058
0.05
0.054
0.046
0.075
0.048
0.044
0.053
0.067
0.061
0.061
0.047
0.049
0.048
0.052
0.049
0.055
0.054
0.045
0.053
0.049
0.048
0.052
0.056
0.039
0.044
0.049
0.061
0.052
0.047
0.052
0.051
