0.978
0.808
0.791
0.779
0.848
0.761
0.953
0.883
0.858
1.099
0.87
0.801
0.854
0.893
0.944
0.865
0.839
0.882
0.876
0.805
0.853
0.778
0.864
0.867
0.832
0.878
0.883
0.808
0.831
0.823
0.811
0.869
0.911
0.964
0.871
1.431
0.805
0.788
0.962
0.976
1.035
1.023
0.858
0.828
0.962
0.792
0.935
0.868
0.803
0.963
0.917
0.794
0.833
0.867
0.965
0.969
0.908
1.252
1.179
1.195
0.889
0.802
0.904
0.761
0.914
0.905
0.903
1.467
0.842
0.87
0.949
1.085
1.023
1.001
0.86
0.834
0.903
0.983
0.82
0.816
0.745
0.865
0.869
0.901
0.88
1.131
1.055
0.839
0.777
0.754
0.915
0.896
0.919
0.953
0.909
0.989
0.966
1.05
0.78
0.878
0.874
0.976
0.84
0.871
0.791
0.841
0.798
0.831
0.939
0.897
0.929
0.873
0.782
0.86
0.945
0.755
0.946
1.119
0.978
0.806
1.004
0.978
0.964
1.127
0.899
1.012
0.908
1.002
1.043
0.915
0.984
1.499
1.002
1.188
1.137
1.132
0.962
1.059
0.857
0.869
1.003
0.952
0.949
1.018
0.905
0.855
0.972
0.941
0.916
0.965
0.943
0.918
0.882
1.05
0.964
0.839
1.022
0.826
0.989
0.917
0.892
1.085
0.913
0.873
0.898
0.937
0.974
0.804
0.855
1.106
1.064
1.061
0.949
0.879
0.811
1.04
1.115
1.083
1.079
1.032
0.925
0.908
0.848
0.857
0.871
1.196
1.064
0.839
1.003
0.84
0.93
