0.018
0.021
0.02
0.022
0.019
0.023
0.023
0.019
0.022
0.026
0.015
0.019
0.022
0.025
0.024
0.02
0.022
0.02
0.018
0.021
0.019
0.02
0.016
0.016
0.021
0.025
0.02
0.021
0.019
0.021
0.022
0.019
0.02
0.02
0.017
0.02
0.017
0.019
0.025
0.019
0.024
0.02
0.019
0.017
0.017
0.019
0.022
0.018
0.019
0.02
0.018
0.021
0.021
0.023
0.02
0.022
0.017
0.019
0.023
0.02
0.02
0.02
0.018
0.02
0.021
0.019
0.019
0.02
0.02
0.019
0.025
0.02
0.025
0.02
0.022
0.013
0.019
0.023
0.019
0.019
0.021
0.024
0.028
0.017
0.021
0.017
0.025
0.022
0.022
0.02
0.02
0.019
0.02
0.023
0.021
0.018
0.019
0.023
0.026
0.019
