0.722
0.724
0.946
0.74
0.705
0.708
0.707
0.768
0.726
0.801
0.572
0.646
0.724
0.732
0.627
0.71
0.639
0.863
0.645
0.843
0.717
0.674
0.609
0.612
0.628
0.736
0.678
0.612
0.656
0.642
0.657
0.685
0.736
0.727
0.611
0.581
0.741
0.812
0.683
0.688
0.677
0.652
0.827
0.731
0.665
0.638
0.713
0.616
0.62
0.765
0.696
0.712
0.788
0.744
0.628
0.798
0.779
0.611
0.641
0.635
0.662
0.644
0.958
0.593
0.707
0.8
0.619
0.809
0.72
0.651
0.654
0.614
0.721
0.614
0.586
0.709
0.686
0.866
0.776
0.612
0.82
0.726
0.741
0.692
0.632
0.813
0.698
0.657
0.731
0.781
0.704
0.663
0.71
0.593
0.623
0.649
0.707
0.64
0.736
0.675
0.731
0.774
0.785
0.629
0.824
0.872
