0.031
0.063
0.04
0.044
0.03
0.045
0.049
0.043
0.047
0.046
0.043
0.05
0.044
0.043
0.044
0.043
0.047
0.056
0.046
0.033
0.064
0.063
0.042
0.055
0.039
0.044
0.04
0.052
0.041
0.043
0.045
0.046
0.043
0.039
0.049
0.049
0.044
0.055
0.043
0.055
0.044
0.043
0.042
0.044
0.056
0.04
0.05
0.056
0.054
0.058
0.05
0.051
0.044
0.032
0.046
0.03
0.044
0.039
0.036
0.055
0.052
0.045
0.051
0.051
0.045
0.047
0.048
0.044
0.045
0.044
0.054
0.04
0.047
0.043
0.056
0.049
0.046
0.06
0.044
0.055
0.062
0.042
0.042
0.05
0.047
0.051
0.058
0.042
0.048
0.05
0.044
0.055
0.034
0.049
0.044
0.035
0.051
0.047
0.044
0.046
0.052
