0.902
0.883
0.864
0.888
0.742
0.691
0.832
0.8
0.758
0.775
0.931
0.692
0.68
0.825
0.711
0.737
0.844
0.941
0.861
0.852
0.754
0.934
0.854
0.784
0.686
0.698
0.749
0.792
0.885
0.805
0.704
0.945
0.796
0.824
0.752
0.743
0.824
0.804
0.818
0.672
0.746
0.724
0.859
0.84
0.869
0.832
0.807
0.845
0.987
0.719
0.809
0.702
0.901
0.874
0.745
0.936
0.77
0.937
0.93
1.01
0.778
0.935
0.81
0.741
0.89
0.956
0.855
0.759
0.89
0.901
0.853
0.946
0.89
0.888
0.812
0.716
0.783
0.872
0.769
0.763
0.994
0.743
0.871
0.941
0.722
0.866
0.875
0.757
0.832
0.692
0.863
0.696
0.684
0.987
0.711
0.747
0.93
0.76
0.824
1.021
0.73
