0.023
0.02
0.018
0.02
0.019
0.018
0.025
0.021
0.02
0.025
0.024
0.02
0.02
0.026
0.021
0.021
0.021
0.023
0.024
0.02
0.02
0.021
0.022
0.021
0.02
0.018
0.026
0.021
0.022
0.022
0.018
0.021
0.02
0.021
0.025
0.02
0.018
0.022
0.024
0.023
0.023
0.023
0.023
0.02
0.02
0.025
0.018
0.02
0.026
0.021
0.02
0.021
0.019
0.023
0.02
0.021
0.02
0.022
0.018
0.02
0.025
0.023
0.019
0.021
0.025
0.023
0.022
0.019
0.019
0.02
0.026
0.02
0.021
0.018
0.018
0.022
0.019
0.019
0.02
0.023
0.023
0.021
0.018
0.021
0.02
0.023
0.022
0.026
0.026
0.024
0.019
0.019
0.026
0.02
0.02
0.018
0.02
0.025
0.018
0.024
0.028
