0.018
0.067
0.031
0.025
0.032
0.042
0.03
0.029
0.028
0.028
0.028
0.028
0.026
0.021
0.022
0.034
0.029
0.031
0.027
0.034
0.027
0.03
0.03
0.028
0.033
0.032
0.027
0.029
0.033
0.025
0.034
0.036
0.027
0.033
0.027
0.033
0.033
0.041
0.032
0.019
0.033
0.025
0.031
0.032
0.028
0.033
0.033
0.029
0.026
0.036
0.023
0.037
0.033
0.036
0.027
0.032
0.03
0.033
0.035
0.034
0.032
0.032
0.03
0.034
0.036
0.026
0.029
0.029
0.034
0.019
0.025
0.031
0.031
0.03
0.027
0.031
0.037
0.034
0.031
0.033
0.019
0.023
0.028
0.031
0.022
0.031
0.025
0.035
0.034
0.028
0.044
0.039
0.036
0.025
0.026
0.033
0.032
0.035
0.04
0.029
0.026
