0.039
0.033
0.03
0.037
0.034
0.03
0.027
0.034
0.036
0.033
0.033
0.049
0.031
0.034
0.035
0.032
0.032
0.029
0.036
0.031
0.03
0.029
0.032
0.03
0.039
0.029
0.033
0.037
0.033
0.041
0.04
0.034
0.031
0.034
0.032
0.031
0.034
0.034
0.032
0.037
0.036
0.032
0.034
0.032
0.028
0.028
0.035
0.03
0.028
0.031
0.03
0.03
0.033
0.03
0.031
0.036
0.031
0.027
0.032
0.032
0.028
0.029
0.028
0.032
0.032
0.033
0.033
0.029
0.037
0.03
0.029
0.029
0.03
0.028
0.035
0.028
0.034
0.034
0.027
0.038
0.029
0.037
0.033
0.026
0.03
0.034
0.032
0.033
0.03
0.032
0.035
0.029
0.028
0.028
0.033
0.03
0.035
0.031
0.032
0.042
0.035
