0.071
0.071
0.076
0.096
0.078
0.092
0.071
0.076
0.088
0.072
0.074
0.08
0.083
0.072
0.089
0.077
0.07
0.076
0.081
0.078
0.079
0.079
0.071
0.079
0.081
0.078
0.075
0.078
0.078
0.072
0.074
0.074
0.077
0.078
0.069
0.073
0.074
0.08
0.086
0.076
0.078
0.078
0.076
0.072
0.064
0.074
0.074
0.091
0.091
0.072
0.079
0.087
0.069
0.077
0.077
0.078
0.07
0.075
0.072
0.064
0.075
0.066
0.073
0.074
0.079
0.072
0.076
0.075
0.077
0.079
0.076
0.076
0.085
0.072
0.086
0.076
0.079
0.069
0.072
0.067
0.093
0.077
0.085
0.074
0.081
0.067
0.078
0.073
0.074
0.083
0.072
0.083
0.074
0.08
0.073
0.083
0.074
0.072
0.081
0.058
0.073
