1.483
1.468
2.723
2.563
1.425
1.262
1.663
1.484
1.339
1.497
2.69
2.481
2.67
2.497
2.418
2.691
1.371
2.362
1.386
2.507
2.537
1.683
1.412
1.69
2.591
1.458
1.682
2.487
2.602
2.579
2.618
1.41
2.661
2.171
1.361
1.697
1.506
1.339
2.865
2.694
2.557
1.591
2.244
1.406
3.189
2.594
2.729
2.804
2.336
1.605
2.687
1.53
1.594
1.47
1.502
1.43
1.931
2.817
1.515
1.648
2.883
2.467
2.953
1.476
1.66
2.41
2.468
2.762
2.8
2.869
2.479
2.752
1.499
3.073
1.413
2.758
1.539
1.365
1.555
1.501
2.497
2.803
1.302
1.784
2.475
2.822
1.427
2.944
2.631
1.473
2.824
1.501
1.584
1.586
2.424
2.648
3.087
1.359
2.938
1.589
1.589
2.748
2.527
2.639
2.755
