0.391
0.335
0.357
0.302
0.329
0.519
0.313
0.305
0.331
0.344
0.32
0.335
0.307
0.33
0.341
0.299
0.325
0.304
0.35
0.329
0.341
0.324
0.307
0.333
0.342
0.29
0.309
0.317
0.355
0.291
0.338
0.303
0.3
0.322
0.31
0.318
0.312
0.29
0.321
0.318
0.326
0.284
0.302
0.3
0.335
0.321
0.319
0.317
0.274
0.319
0.302
0.305
0.312
0.303
0.322
0.31
0.307
0.322
0.307
0.333
0.318
0.306
0.375
0.318
0.347
0.337
0.321
0.32
0.311
0.363
0.315
0.371
0.34
0.298
0.354
0.353
0.341
0.294
0.345
0.359
0.323
0.338
0.297
0.344
0.332
0.325
0.357
0.315
0.355
0.313
0.336
0.328
0.332
0.303
0.34
0.337
0.303
0.318
0.31
0.321
