1.174
1.058
1.074
1.081
0.937
1.011
1.055
0.974
1.017
1.201
1.003
0.962
1.026
1.351
1.197
1.228
1.047
1.042
1.218
1.171
1.037
1.155
1.06
1.35
1.124
1.206
1.178
1.289
1.172
1.167
1.103
1.106
1.281
1.429
1.123
1.291
1.111
1.126
1.189
1.129
1.152
1.117
1.199
1.183
1.31
1.351
1.245
1.273
1.149
1.222
1.378
1.328
1.273
1.324
1.219
1.338
1.269
1.458
1.479
1.412
1.459
1.32
1.334
1.411
1.4
1.326
1.478
1.378
1.347
1.517
1.478
1.314
1.341
1.338
1.353
1.363
1.401
1.453
1.434
1.525
1.538
1.492
1.491
1.512
1.484
1.465
1.461
1.483
1.663
1.778
1.564
1.784
1.532
1.536
1.526
1.641
1.613
1.668
1.748
1.722
1.703
1.623
1.803
1.574
1.672
1.725
1.668
1.885
1.738
1.64
1.728
