6.796
6.787
6.737
6.779
6.724
6.837
7.591
6.746
6.686
6.834
7.629
6.778
7.89
6.726
6.838
7.998
6.661
8.21
6.635
6.919
7.879
6.764
6.752
7.991
6.784
6.917
6.867
6.929
6.845
6.796
6.826
7.61
6.829
6.798
6.691
6.832
7.885
7.563
6.767
6.946
7.557
6.765
7.571
6.687
7.606
9.455
6.844
7.98
7.185
7.952
7.662
6.936
6.713
7.365
7.689
6.918
6.763
6.705
6.702
6.723
6.78
7.495
6.791
8.094
6.776
7.632
6.659
6.829
7.974
6.814
6.842
6.781
6.67
6.842
6.768
6.762
6.899
6.789
8.055
7.584
6.656
6.668
6.802
6.847
6.773
6.696
6.787
7.711
6.906
8.121
6.792
6.721
6.76
6.878
8.132
7.887
6.778
7.746
6.792
6.713
6.774
7.024
6.764
8.016
7.409
6.779
6.768
6.749
6.845
6.751
