1.589
1.535
1.58
1.527
1.498
1.497
1.509
1.525
1.484
1.556
1.434
1.48
1.505
1.487
1.497
1.496
1.497
1.456
1.447
1.476
1.435
1.504
1.493
1.499
1.509
1.495
1.522
1.509
1.499
1.6
1.488
1.508
1.545
1.485
1.579
1.52
1.502
1.587
1.561
1.601
1.543
1.614
1.499
1.531
1.618
1.672
1.573
1.605
1.55
1.56
1.588
1.593
1.576
1.596
1.602
1.681
1.606
1.68
1.636
1.588
1.671
1.626
1.54
1.581
1.561
1.676
1.593
1.541
1.573
1.64
1.555
1.583
1.602
1.601
1.612
1.605
1.639
1.624
1.577
1.587
1.66
1.539
1.561
1.573
1.589
1.615
1.607
1.605
1.583
1.611
1.545
1.586
1.701
1.608
1.577
1.582
1.626
1.629
1.597
1.631
1.581
1.664
1.569
1.66
1.59
1.602
1.605
1.781
