5.356
5.306
4.953
4.73
4.736
4.906
4.831
5.955
5.958
5.477
6.174
4.855
5.305
4.809
4.786
6.029
5.696
5.673
5.506
4.891
6.443
5.114
5.674
6.105
5.809
5.902
4.877
5.217
5.054
4.848
5.347
4.985
5.691
5.78
5.063
5.164
5.592
5.71
5.756
6.655
5.456
5.423
5.881
5.869
5.463
5.271
4.805
6.376
5.434
4.868
5.354
4.977
5.453
5.85
5.12
5.823
5.77
4.976
4.846
5.648
5.443
5.909
5.669
4.798
5.31
5.01
5.717
4.861
5.726
4.909
5.574
6.062
5.857
4.918
5.344
5.478
4.851
5.214
5.189
5.885
5.631
5.663
4.937
5.715
4.991
5.015
5.778
5.783
5.177
5.936
5.708
4.987
4.826
5.598
6.218
5.636
5.986
5.375
5.216
5.706
4.898
6.828
