3.646
3.618
3.592
3.546
3.536
3.623
3.467
3.548
3.59
3.466
3.653
3.478
4.121
3.562
3.572
3.839
3.588
3.6
3.548
3.615
3.394
3.386
3.598
4.329
3.529
3.702
3.556
3.574
3.599
3.536
3.585
3.574
3.44
3.537
4.29
3.454
3.619
3.607
3.603
3.421
3.603
3.553
3.618
3.437
3.438
3.525
3.469
3.625
4.057
3.427
3.557
3.439
3.495
3.728
3.551
3.473
3.954
3.534
3.582
3.502
3.538
3.537
3.565
3.645
3.595
4.194
3.546
3.603
3.522
3.632
3.576
3.583
3.67
3.599
3.689
3.647
4.302
3.596
3.603
3.539
3.569
3.996
3.498
3.561
3.55
3.598
3.404
3.593
3.611
3.665
3.657
3.534
3.547
3.611
3.53
4.274
3.481
3.673
3.592
3.602
3.644
3.44
