1.348
1.308
1.204
1.21
1.312
1.301
1.293
1.246
1.298
1.297
1.193
1.32
1.185
1.201
1.284
1.285
1.193
1.198
1.156
1.189
1.324
1.294
1.319
1.317
1.226
1.299
1.164
1.301
1.275
1.302
1.293
1.295
1.22
1.28
1.185
1.285
1.323
1.323
1.32
1.315
1.213
1.201
1.279
1.308
1.281
1.205
1.294
1.281
1.285
1.192
1.281
1.188
1.256
1.223
1.271
1.222
1.215
1.205
1.244
1.319
1.271
1.237
1.286
1.289
1.291
1.279
1.317
1.273
1.306
1.191
1.287
1.183
1.196
1.27
1.229
1.221
1.244
1.332
1.293
1.209
1.2
1.304
1.299
1.182
1.292
1.3
1.285
1.298
1.21
1.284
1.252
1.231
1.229
1.315
1.213
1.29
1.3
1.201
1.301
1.31
1.202
