1.313
2.424
2.019
1.273
2.233
2.447
1.192
1.076
1.241
1.135
2.314
1.262
3.094
2.141
1.291
2.428
2.243
2.026
2.338
1.276
2.209
1.959
2.029
1.187
2.38
1.095
1.229
3.183
1.332
2.488
1.316
1.978
1.226
2.12
1.356
1.169
1.091
1.191
1.056
1.078
1.338
2.394
1.235
1.138
2.143
1.173
2.034
1.178
1.228
1.39
1.125
1.135
1.256
2.048
2.102
2.062
1.278
1.975
1.281
2.029
1.184
1.408
1.119
1.132
1.095
2.158
1.166
1.155
1.096
2.522
2.47
1.304
1.194
1.078
1.119
2.087
1.121
1.173
1.252
2.232
1.272
2.533
1.223
1.251
1.296
1.141
2.028
1.186
2.074
1.15
1.215
1.101
2.037
1.14
2.296
1.99
1.204
1.132
2.078
1.933
2.082
