1.301
1.252
1.289
1.244
1.266
1.243
1.349
1.276
1.249
1.269
1.274
1.284
1.27
1.262
1.255
1.263
1.257
1.28
1.27
1.217
1.274
1.28
1.238
1.286
1.318
1.239
1.315
1.29
1.258
1.316
1.321
1.31
1.278
1.304
1.273
1.263
1.259
1.324
1.321
1.409
1.299
1.328
1.299
1.308
1.288
1.265
1.275
1.3
1.281
1.291
1.262
1.272
1.281
1.316
1.304
1.306
1.352
1.403
1.363
1.405
1.366
1.297
1.344
1.314
1.319
1.351
1.337
1.398
1.369
1.32
1.352
1.332
1.306
1.364
1.328
1.343
1.348
1.321
1.286
1.405
1.298
1.29
1.387
1.346
1.288
1.354
1.438
1.283
1.417
1.411
1.341
1.305
1.352
1.288
1.385
1.425
1.306
1.366
1.291
1.373
1.374
