0.579
0.544
0.591
0.544
0.472
0.542
0.516
0.554
0.552
0.627
0.508
0.532
0.565
0.522
0.602
0.565
0.586
0.519
0.583
0.554
0.529
0.695
0.52
0.631
0.593
0.628
0.647
0.557
0.568
0.593
0.498
0.64
0.52
0.631
0.642
0.584
0.595
0.629
0.649
0.577
0.568
0.578
0.606
0.594
0.547
0.568
0.596
0.67
0.596
0.636
0.66
0.617
0.633
0.564
0.575
0.578
0.589
0.559
0.631
0.682
0.63
0.557
0.537
0.54
0.553
0.555
0.531
0.74
0.676
0.709
0.655
0.628
0.618
0.622
0.701
0.582
0.657
0.639
0.66
0.702
0.706
0.618
0.704
0.684
0.645
0.618
0.645
0.751
0.67
0.688
0.66
0.665
0.659
0.7
0.734
0.666
0.756
0.713
0.628
0.69
0.684
