1.151
0.97
0.835
0.974
1.009
0.885
0.929
0.953
0.951
0.944
1.044
0.988
0.896
0.88
0.942
0.945
0.95
0.991
0.892
0.939
0.988
1.223
1.177
1.133
1.086
1.006
1.108
0.977
1.064
0.953
1.006
1.037
1.045
1.162
1.087
1.106
1.185
1.17
1.23
1.215
1.212
1.108
1.195
1.1
1.186
1.134
1.311
1.215
1.254
1.244
1.188
1.182
1.25
1.246
1.239
1.144
1.209
1.297
1.152
1.144
1.492
1.377
1.505
1.243
1.333
1.539
1.378
1.389
1.28
1.489
1.195
1.239
1.237
1.402
1.385
1.371
1.367
1.511
1.512
1.459
1.485
1.439
1.41
1.51
1.413
1.566
1.453
1.505
1.442
1.665
1.604
1.633
1.508
1.609
1.64
1.6
1.559
1.541
1.571
1.682
1.628
