1.896
1.828
1.838
1.738
1.832
1.825
1.811
1.76
1.752
1.899
1.824
1.885
1.835
1.809
1.749
1.73
1.855
1.72
1.794
1.811
1.807
1.746
1.737
1.778
1.87
1.861
1.852
1.768
1.745
1.748
1.844
1.829
1.732
1.816
1.843
1.745
1.734
1.723
1.804
1.767
1.855
1.826
1.833
1.835
1.852
1.841
1.846
1.821
1.752
1.716
1.827
1.77
1.855
1.758
1.867
1.788
1.83
1.77
1.86
1.76
1.867
1.852
1.734
1.742
1.831
1.853
1.752
1.758
1.829
1.846
1.808
1.768
1.793
1.84
1.781
1.741
1.746
1.853
1.855
1.847
1.821
1.742
1.848
1.867
1.732
1.767
1.79
1.76
1.868
1.765
1.831
1.825
1.831
1.866
1.73
1.856
1.758
1.739
1.823
1.75
1.794
