1.78
1.704
1.653
1.71
1.686
1.691
1.684
1.644
1.644
1.7
1.662
1.706
1.62
1.659
1.71
1.656
1.701
1.771
1.677
1.747
1.752
1.789
1.909
1.817
1.84
1.864
1.839
1.793
1.777
1.868
1.782
1.82
1.906
1.992
1.85
1.778
1.856
1.84
1.776
1.876
1.769
1.859
1.776
1.854
1.86
1.867
1.828
2.098
1.91
1.957
2.111
2.114
1.983
1.999
2.01
1.899
1.988
2.131
2.052
2.066
1.981
2.062
2.06
2.111
2.018
2.056
2.048
2.121
2.04
2.001
2.053
2.128
2.186
2.129
2.047
2.117
2.123
2.17
2.188
2.316
2.309
2.208
2.194
2.21
2.243
2.246
2.228
2.228
2.207
2.213
2.229
2.229
2.211
2.423
2.26
2.341
2.216
2.341
2.325
2.401
2.263
2.354
2.444
2.383
2.361
2.359
2.389
2.528
2.405
2.244
2.383
2.412
2.48
2.434
2.402
2.445
2.43
2.513
2.339
2.634
2.587
2.483
2.395
2.572
2.496
2.511
2.684
2.617
