1.949
1.841
1.77
1.83
1.806
1.794
1.831
1.803
1.832
1.893
1.788
1.793
1.879
1.793
1.812
1.829
1.875
1.866
1.877
1.858
1.823
1.86
1.986
2.02
1.895
1.948
1.929
1.932
1.926
2.043
1.979
2.037
1.991
2.023
1.966
2.02
1.95
1.991
1.988
1.98
1.941
2.097
2.021
1.943
1.964
2.028
1.917
2.052
1.963
1.958
2.062
2.072
2.098
2.172
2.05
2.097
2.281
2.259
2.184
2.069
2.081
2.142
2.193
2.066
2.216
2.215
2.112
2.096
2.291
2.191
2.282
2.264
2.193
2.222
2.277
2.22
2.197
2.271
2.212
2.246
2.18
2.23
2.214
2.194
2.249
2.594
2.333
2.424
2.33
2.377
2.485
2.296
2.385
2.372
2.389
2.418
2.431
2.389
2.349
2.354
2.325
2.372
2.305
2.524
2.415
2.456
