1.732
1.672
1.58
1.681
1.586
1.635
1.657
1.634
1.584
1.696
1.649
1.655
1.677
1.538
1.663
1.63
1.643
1.662
1.658
1.746
1.693
1.732
1.688
1.797
1.782
1.829
1.654
1.721
1.773
1.851
1.679
1.76
1.714
1.793
1.895
1.67
1.769
1.797
1.724
1.796
1.859
1.682
1.695
1.642
1.845
1.898
1.667
2.125
1.913
1.9
1.987
1.903
1.917
1.92
2.057
1.993
1.761
2.012
2.085
1.914
1.848
2.06
2.03
2.017
1.885
2.052
1.986
1.898
1.901
2.024
1.939
2.142
2.038
1.927
1.848
1.956
2.105
2.17
2.037
2.106
2.139
2.101
1.968
2.213
2.024
2.248
2.19
2.113
2.192
2.199
1.994
2.157
2.2
2.116
2.217
2.101
2.216
2.192
2.171
2.184
2.141
