3.53
3.833
3.579
3.494
2.755
2.716
3.359
2.802
2.712
2.806
2.578
2.538
2.673
2.728
2.483
2.659
3.104
3.395
2.741
2.826
3.199
2.627
3.492
2.708
2.951
3.278
2.486
2.705
2.53
3.148
3.18
3.276
3.438
2.681
3.106
2.625
4.492
3.666
3.307
2.793
3.544
3.257
3.564
3.326
2.767
3.517
3.375
2.606
2.49
3.362
3.242
2.946
2.663
3.345
2.578
2.696
2.67
2.553
2.575
3.374
3.582
2.787
2.889
2.519
3.026
2.685
2.7
2.703
2.75
2.679
2.619
2.669
3.482
2.611
2.795
2.647
2.686
3.036
3.444
3.385
3.561
3.403
3.641
3.19
2.544
2.739
3.538
3.426
2.751
3.356
2.807
2.69
3.16
3.522
2.885
2.806
3.246
3.516
3.488
2.63
2.794
2.732
4.495
2.821
3.166
3.716
