3.903
3.74
4.125
4.217
4.106
3.014
3.582
3.821
2.794
3.987
3.903
3.51
3.039
2.967
3.499
4.113
3.256
3.628
3.72
3.297
3.881
3.46
3.784
3.818
2.971
2.944
3.978
3.676
4.021
3.067
3.464
4.043
2.886
3.546
3.77
3.474
3.832
3.773
3.976
3.028
3.93
3.808
3.815
3.652
4.102
3.068
3.275
3.791
4.078
3.14
3.763
2.999
4.109
3.829
2.98
3.852
2.924
4.065
4.407
3.861
4.144
3.744
4.094
3.951
3.727
4.176
3.882
3.92
3.833
4.062
3.848
3.838
3.11
3.692
4.052
3.958
3.352
3.256
3.273
2.81
4.195
4.113
3.85
3.575
3.019
4.076
3.968
3.934
3.117
4.227
3.971
4.186
3.069
4.231
2.775
3.931
4.14
3.586
4.205
4.077
2.954
