3.148
3.224
3.109
3.088
3.12
2.971
3.185
3.002
3.03
3.045
3.009
3.066
3.065
2.997
3.059
2.97
3.1
2.99
2.948
3.075
3.063
2.938
3.003
3.245
3.107
3.026
3.17
3.025
2.961
3.34
3.185
3.176
3.191
3.051
3.132
3.023
3.178
3.035
3.048
3.135
3.052
3.091
2.92
3.173
3.07
3.27
2.993
3.154
3.028
2.954
2.972
3.114
2.974
2.992
3.113
3.083
3.092
3.15
3.084
3.13
2.943
3.025
3.022
3.105
3.148
3.111
3.12
3.044
3.216
3
3.177
3.025
3.077
3.145
3.031
3.157
3.232
3.139
3.115
3.016
3.128
3.252
2.959
3.114
3.143
2.977
2.993
3.157
3.021
3.046
3.208
3.13
3.18
2.991
3.185
3.155
3.102
3.03
2.951
3.002
2.969
3.276
