1.33
1.263
1.249
1.223
1.237
1.238
1.268
1.261
1.223
1.258
1.21
1.239
1.207
1.249
1.21
1.23
1.231
1.226
1.219
1.226
1.216
1.256
1.235
1.32
1.197
1.317
1.214
1.21
1.244
1.221
1.295
1.236
1.255
1.251
1.263
1.244
1.238
1.32
1.24
1.261
1.257
1.267
1.259
1.256
1.414
1.379
1.385
1.311
1.338
1.291
1.369
1.335
1.401
1.436
1.314
1.331
1.329
1.289
1.31
1.319
1.407
1.321
1.424
1.321
1.31
1.404
1.322
1.337
1.355
1.321
1.39
1.432
1.327
1.327
1.402
1.415
1.351
1.301
1.338
1.318
1.324
1.385
1.484
1.336
1.354
1.319
1.352
1.303
1.287
1.332
1.313
1.282
1.302
1.285
1.377
1.325
1.323
1.322
1.315
1.326
