1.652
1.478
1.503
1.464
1.51
1.473
1.533
1.459
1.479
1.564
1.566
1.526
1.528
1.527
1.494
1.532
1.499
1.404
1.542
1.577
1.562
1.505
1.614
1.698
1.768
1.696
1.579
1.71
1.589
1.657
1.696
1.668
1.629
1.723
1.776
1.716
1.727
1.733
1.807
1.775
1.737
1.775
1.638
1.751
1.717
1.664
1.795
1.782
1.911
1.785
1.758
1.736
1.833
1.85
1.781
1.712
1.709
1.721
1.822
1.785
1.752
1.837
1.814
2.005
1.688
1.855
1.8
1.906
1.853
1.896
1.904
1.85
1.959
1.956
1.825
1.926
1.831
1.817
2.004
1.905
1.93
1.901
1.953
1.844
1.875
1.887
1.967
1.987
1.971
1.931
1.911
1.971
2.065
2.004
1.953
2.097
2.057
2.078
1.948
2.145
2.017
2.059
2.053
