4.525
4.518
4.11
3.271
3.368
3.214
4.43
3.858
4.613
4.867
3.565
3.404
4.121
4.902
4.844
4.066
4.199
4.304
4.485
4.618
4.25
3.651
4.645
4.829
4.613
4.447
3.552
4.282
4.389
4.337
4.129
4.461
4.559
4.087
3.56
5.428
4.682
5.038
3.958
4.472
5.053
5.038
4.733
5.145
4.634
4.937
4.593
3.933
4.428
5.208
5.165
4.707
4.82
4.653
4.71
4.637
3.815
4.266
5.318
4.78
5.167
4.676
4.942
3.714
3.883
4.796
4.916
5.703
5.147
4.753
4.654
5.043
5.036
5.095
5.575
4.339
3.986
4.878
4.614
4.645
4.625
5.077
4.69
4.358
4.546
4.799
5.099
4.283
4.428
3.811
3.901
3.955
4.908
4.805
4.373
4.862
4.987
4.477
4.647
4.97
