0.527
0.497
0.437
0.458
0.495
0.521
0.484
0.477
0.497
0.415
0.572
0.479
0.469
0.487
0.42
0.566
0.469
0.548
0.47
0.444
0.428
0.495
0.512
0.459
0.532
0.495
0.434
0.512
0.513
0.506
0.474
0.494
0.473
0.5
0.489
0.483
0.398
0.449
0.439
0.502
0.408
0.424
0.474
0.471
0.513
0.501
0.576
0.553
0.499
0.509
0.581
0.455
0.525
0.481
0.548
0.506
0.466
0.472
0.471
0.546
0.498
0.55
0.519
0.508
0.501
0.511
0.548
0.597
0.532
0.63
0.499
0.544
0.499
0.53
0.443
0.501
0.617
0.442
0.495
0.514
0.503
0.524
0.442
0.538
0.528
0.546
0.49
0.48
0.459
0.499
0.624
0.548
0.632
0.564
0.592
0.574
0.569
0.641
0.647
0.548
0.569
