4.99
4.915
5.116
4.706
5.536
4.899
4.768
4.628
5.714
5.286
5.343
5.28
4.575
6.231
5.266
5.041
4.906
5.291
5.164
5.341
5.1
5.06
5.365
5.088
5.029
5.176
5.162
5.594
5.404
5.057
4.784
5.38
4.709
5.603
5.946
5.162
5.148
5.29
5.657
5.049
5.385
5.397
5.645
5.321
5.328
5.972
6.172
5.053
5.107
5.419
5.105
5.114
5.33
5.424
5.25
5.072
5.064
5.366
5.626
5.966
5.134
5.009
5.327
5.812
5.501
5.787
5.18
5.295
5.58
5.604
5.619
5.579
5.505
5.179
5.494
5.458
5.799
5.413
5.218
5.271
5.311
5.843
5.99
5.56
5.6
5.691
5.255
5.522
5.49
5.128
5.698
5.248
5.634
5.631
5.484
5.443
5.473
5.264
5.782
5.628
6.003
5.217
5.64
5.876
5.391
5.835
