1.717
1.717
1.642
1.722
1.65
1.656
1.67
1.68
1.712
1.661
1.688
1.752
1.67
1.698
1.699
1.649
1.693
1.67
1.679
1.696
1.744
1.648
1.678
1.689
1.812
1.711
1.705
1.786
1.673
1.665
1.63
1.775
1.667
1.656
1.735
1.721
1.652
1.669
1.653
1.713
1.646
1.702
1.82
1.714
1.711
1.687
1.752
1.766
1.78
1.71
1.789
1.742
1.791
1.763
1.727
1.73
1.81
1.77
1.722
1.823
1.714
1.716
1.721
1.712
1.781
1.825
1.756
1.748
1.723
1.685
1.696
1.745
1.806
1.797
1.718
1.72
1.701
1.749
1.689
1.666
1.809
1.749
1.77
1.677
1.697
1.754
1.782
1.751
1.734
1.707
1.728
1.704
1.675
1.686
1.678
1.717
1.817
1.696
1.761
1.711
1.825
