0.323
0.271
0.248
0.25
0.242
0.252
0.249
0.258
0.26
0.301
0.269
0.266
0.268
0.268
0.258
0.23
0.248
0.273
0.267
0.256
0.248
0.25
0.252
0.268
0.235
0.254
0.233
0.265
0.224
0.309
0.239
0.261
0.259
0.253
0.258
0.246
0.243
0.279
0.28
0.287
0.264
0.26
0.3
0.253
0.288
0.272
0.263
0.259
0.264
0.286
0.245
0.28
0.268
0.272
0.284
0.282
0.25
0.261
0.273
0.254
0.292
0.264
0.269
0.274
0.276
0.258
0.3
0.302
0.283
0.236
0.249
0.246
0.273
0.271
0.266
0.258
0.266
0.262
0.265
0.244
0.243
0.266
0.253
0.277
0.269
0.262
0.293
0.269
0.209
0.277
0.224
0.26
0.316
0.294
0.25
0.255
0.288
0.241
0.289
0.254
0.267
0.273
0.261
0.254
0.259
0.255
0.275
0.279
0.22
0.247
0.25
0.277
0.284
0.288
0.309
0.271
0.284
0.275
0.263
0.275
0.264
