0.704
0.612
0.58
0.554
0.566
0.588
0.57
0.633
0.589
0.516
0.697
0.544
0.542
0.548
0.576
0.569
0.597
0.568
0.561
0.544
0.599
0.523
0.595
0.632
0.499
0.624
0.578
0.571
0.592
0.598
0.599
0.549
0.73
0.64
0.606
0.665
0.632
0.527
0.688
0.705
0.69
0.649
0.538
0.619
0.639
0.615
0.691
0.685
0.654
0.688
0.721
0.607
0.691
0.686
0.796
0.737
0.672
0.646
0.685
0.721
0.633
0.671
0.688
0.771
0.753
0.577
0.632
0.609
0.684
0.723
0.704
0.755
0.72
0.634
0.692
0.841
0.72
0.747
0.636
0.68
0.629
0.687
0.709
0.686
0.704
0.72
0.574
0.735
0.721
0.651
0.657
0.655
0.695
0.698
0.623
0.722
0.743
0.764
0.741
0.734
0.628
0.807
0.781
0.901
0.746
0.861
0.73
0.748
