1.815
1.707
1.743
1.803
1.904
1.549
1.847
1.697
1.726
1.779
1.801
2.055
1.873
1.846
2.091
1.852
2.266
2.335
1.782
2.216
1.814
2.072
2.108
2.059
2.064
2.186
2.169
2.254
2.337
2.03
2.52
2.312
2.369
2.228
1.95
2.127
2.06
2.107
2.005
2.203
2.271
2.035
2.52
2.862
2.375
2.097
2.639
2.297
2.323
2.487
2.492
2.29
2.404
2.433
2.597
2.53
2.174
2.122
2.02
2.3
2.517
2.677
2.541
2.114
2.398
2.759
2.342
2.29
2.427
2.098
2.193
2.554
2.31
2.198
2.34
2.475
2.441
2.358
2.418
2.411
2.254
2.683
2.871
2.616
2.481
2.66
2.642
2.817
2.6
2.756
2.532
2.982
2.565
2.518
2.734
2.816
2.476
2.404
2.513
2.603
2.431
2.41
2.774
