1.007
0.871
0.864
0.892
0.89
0.982
0.976
0.871
0.828
1.045
0.974
0.892
0.865
0.901
0.91
0.973
1.044
0.911
1.109
0.993
1.055
1.012
1.157
1.111
1.174
1.007
1.298
1.209
1.069
1.079
1.008
1.025
0.954
0.976
1.04
1.052
1.032
1.109
1.099
1.166
1.177
1.063
1.238
1.052
1.238
1.12
1.176
1.178
1.274
1.202
1.294
1.069
1.263
1.384
1.236
1.364
1.435
1.588
1.351
1.638
1.344
1.434
1.476
1.495
1.361
1.365
1.232
1.519
1.316
1.285
1.31
1.26
1.42
1.348
1.645
1.352
1.548
1.268
1.482
1.375
1.385
1.331
1.422
1.373
1.345
1.488
1.578
1.419
1.35
1.428
1.528
1.404
1.444
1.425
1.4
1.46
1.43
1.453
1.401
1.612
1.439
1.503
