3.634
3.399
3.312
3.178
2.888
2.988
2.917
3.057
2.808
3.08
3.078
2.971
3.016
3.142
3.004
2.945
3.112
3.054
3.06
3.086
2.963
3.24
2.941
3.081
2.988
3.002
2.929
2.996
3.121
3.023
3.22
3.016
3.057
3.158
3.012
2.88
2.989
2.938
2.993
3.069
3.094
3.154
3.217
3.379
3.143
3.177
3.323
3.056
3.247
3.151
3.421
3.255
3.538
3.3
3.224
3.347
3.18
3.332
3.377
3.231
3.29
3.166
3.251
3.339
3.443
3.44
3.29
3.355
3.389
3.235
3.237
3.448
3.304
3.496
3.303
3.631
3.375
3.423
3.265
3.181
3.448
3.574
3.432
3.373
3.554
3.456
3.547
3.621
3.309
3.57
3.525
3.487
3.635
3.451
3.532
3.671
3.583
3.506
3.499
3.71
3.997
3.799
3.681
3.699
3.831
3.693
3.707
3.502
3.84
3.603
3.801
3.813
3.704
4.04
3.823
3.782
3.63
3.755
3.707
4.172
3.714
3.741
3.796
3.809
3.818
3.768
3.782
3.747
3.749
3.721
3.869
4.08
4.03
3.897
3.953
4.266
4.135
3.776
3.93
3.858
3.934
3.865
3.921
3.9
3.927
4.159
4.003
4.12
3.93
4.092
4.077
4.091
3.988
4.035
4.236
4.306
4.189
4.112
4.386
