1.092
1.032
0.963
1.034
1.039
1.047
0.94
1.031
0.961
1.053
1.095
1.068
0.969
1.066
1.071
1.006
0.946
0.96
1.053
1.034
1.039
1.063
1.053
1.073
0.966
0.959
1.052
0.963
1.04
0.957
1.048
0.952
1.033
1.031
0.964
0.943
1.001
1.037
0.963
0.965
1.073
1.075
0.971
0.968
0.951
0.946
0.948
1.06
1.055
1.036
1.03
1.033
0.932
0.953
1.042
0.973
0.965
1.1
1.07
1.066
0.965
1.068
1.055
1.047
1.081
1.063
1.069
0.948
1.033
0.943
1.065
0.941
1.037
0.952
1.036
0.955
1.045
1.05
0.948
0.97
0.981
1.075
1.061
1.06
0.959
1.05
1.057
1.057
1.051
0.987
0.997
1.049
1.091
1.001
1.002
0.958
0.971
1.064
1.055
1.056
1.047
