1.618
1.559
1.442
1.458
1.546
1.561
1.563
1.584
1.558
1.501
1.478
1.447
1.525
1.551
1.466
1.556
1.586
1.458
1.481
1.563
1.565
1.567
1.464
1.468
1.548
1.559
1.465
1.452
1.449
1.463
1.552
1.498
1.467
1.597
1.518
1.494
1.514
1.472
1.47
1.469
1.458
1.562
1.547
1.471
1.516
1.575
1.512
1.565
1.466
1.5
1.462
1.59
1.577
1.487
1.49
1.487
1.468
1.545
1.596
1.46
1.464
1.462
1.468
1.454
1.492
1.491
1.501
1.61
1.467
1.48
1.454
1.472
1.472
1.564
1.463
1.459
1.466
1.554
1.453
1.5
1.495
1.487
1.525
1.58
1.552
1.449
1.477
1.571
1.56
1.563
1.483
1.524
1.469
1.58
1.472
1.495
1.468
1.565
1.576
1.462
1.464
