0.273
0.265
0.281
0.236
0.234
0.236
0.235
0.217
0.233
0.246
0.251
0.209
0.239
0.232
0.215
0.217
0.281
0.228
0.24
0.252
0.238
0.266
0.229
0.244
0.247
0.257
0.272
0.243
0.233
0.264
0.245
0.248
0.269
0.264
0.239
0.243
0.245
0.254
0.244
0.247
0.238
0.23
0.217
0.238
0.242
0.224
0.266
0.253
0.204
0.228
0.248
0.23
0.26
0.235
0.231
0.236
0.212
0.239
0.292
0.276
0.215
0.249
0.237
0.244
0.227
0.243
0.255
0.223
0.249
0.229
0.248
0.299
0.306
0.276
0.261
0.219
0.267
0.261
0.25
0.263
0.257
0.266
0.247
0.245
0.264
0.25
0.286
0.278
0.246
0.257
0.256
0.249
0.223
0.262
0.307
0.257
0.24
0.237
0.256
0.251
