0.575
0.55
0.486
0.463
0.432
0.463
0.527
0.494
0.472
0.448
0.47
0.446
0.447
0.48
0.498
0.464
0.459
0.463
0.427
0.631
0.439
0.473
0.455
0.52
0.534
0.442
0.448
0.459
0.922
0.771
0.972
0.821
1.216
1.17
1.265
0.929
0.931
1.642
1.021
0.468
0.523
0.557
0.477
0.528
0.493
0.506
0.533
0.484
0.459
0.533
0.513
0.53
0.524
0.75
0.552
0.552
0.611
0.602
0.627
0.555
0.731
0.609
0.533
0.637
0.564
0.597
0.57
0.605
0.676
0.728
0.51
0.568
0.603
0.56
0.606
0.633
0.646
0.574
0.513
0.543
0.548
0.639
0.563
0.57
0.713
0.626
0.54
0.62
0.574
0.611
0.626
0.585
0.59
0.534
0.629
0.604
0.6
0.59
0.657
0.63
0.643
