1.086
0.968
0.847
0.897
0.954
0.828
0.889
0.836
0.868
0.786
0.933
0.864
0.912
0.943
0.99
1.118
0.932
0.846
1.049
0.847
0.818
0.865
1.093
0.947
1.058
1.077
1.092
1.023
1.13
0.964
1.122
1.058
1.219
1.076
1.155
1.128
1.253
1.1
1.174
1.156
1.234
1.188
1.155
1.117
1.177
1.088
1.09
1.103
1.088
1.028
1.171
1.246
1.049
1.143
1.183
1.124
1.369
1.148
1.362
1.305
1.357
1.162
1.279
1.171
1.212
1.395
1.324
1.315
1.24
1.337
1.273
1.331
1.297
1.287
1.318
1.219
1.384
1.272
1.278
1.277
1.216
1.27
1.388
1.632
1.485
1.355
1.36
1.311
1.435
1.398
1.529
1.415
1.633
1.557
1.73
1.443
1.495
1.422
1.511
1.462
