0.437
0.393
0.467
0.371
0.406
0.378
0.367
0.382
0.369
0.384
0.391
0.36
0.368
0.376
0.462
0.364
0.364
0.387
0.375
0.432
0.375
0.445
0.403
0.347
0.369
0.411
0.356
0.374
0.367
0.354
0.378
0.411
0.39
0.367
0.381
0.392
0.363
0.371
0.376
0.376
0.374
0.398
0.368
0.36
0.392
0.383
0.435
0.386
0.372
0.401
0.345
0.398
0.381
0.375
0.384
0.369
0.408
0.401
0.413
0.414
0.403
0.385
0.363
0.463
0.382
0.41
0.389
0.404
0.392
0.402
0.426
0.393
0.381
0.381
0.377
0.428
0.374
0.412
0.377
0.421
0.427
0.37
0.431
0.388
0.365
0.39
0.367
0.384
0.344
0.385
0.335
0.382
0.453
0.44
0.432
0.4
0.388
0.406
0.357
0.349
0.341
0.407
0.351
