4.125
2.737
3.566
3.474
2.416
3.164
2.767
2.404
3.273
3.814
3.072
3.138
2.395
3.22
3.562
3.176
3.323
2.336
3.289
3.666
2.818
2.33
2.491
2.465
2.608
3.762
3.376
2.496
3.249
2.407
3.22
3.814
3.272
3.296
2.565
2.758
3.479
3.534
2.753
2.517
3.893
3.933
2.684
2.724
2.521
3.829
2.824
3.426
2.789
3.518
3.391
3.255
2.655
3.684
2.659
2.64
3.961
3.626
3.503
3.656
4.01
2.527
3.825
3.763
2.679
3.71
3.719
3.532
4.025
2.671
3.821
2.578
2.903
2.742
2.74
3.246
2.867
2.71
2.865
3.627
2.782
2.899
3.436
2.745
3.79
2.761
3.171
2.738
3.687
3.261
3.99
3.688
4.03
2.726
3.646
3.967
3.831
3.843
2.754
3.888
3.774
3.923
2.715
3.634
3.884
2.92
2.815
4.216
3.469
3.854
3.639
2.719
4.058
4.055
2.976
3.579
2.783
3.783
3.602
4.068
5.24
3.787
3.924
2.733
3.4
2.702
3.815
2.828
3.463
3.409
3.694
3.537
3.64
3.87
3.701
3.847
3.736
3.649
2.887
3.889
3.883
3.622
3.847
4.078
3.706
4.088
4.046
3.508
2.92
4.198
4.185
3.96
4.249
3.482
2.913
2.917
3.816
3.758
3.613
3.849
3.528
3.949
3.114
4.297
3.729
3.345
3.482
4.102
3.685
3.304
3.846
2.937
3.964
3.886
3.865
3.651
2.959
3.674
3.672
3.798
3.049
3.974
4.007
4.206
4.181
4.194
4.578
4.008
3.938
4.43
4.153
4.038
4.381
3.156
4.297
3.819
4.283
4.338
4.067
4.271
4.176
