0.51
0.428
0.444
0.427
0.417
0.402
0.434
0.459
0.431
0.456
0.417
0.475
0.386
0.462
0.403
0.391
0.46
1.961
0.558
0.562
0.59
0.559
0.573
0.659
0.593
0.59
0.556
0.531
0.566
0.535
0.47
0.412
0.438
0.444
0.41
0.433
0.455
0.459
0.469
0.481
0.373
1.095
2.249
0.578
0.444
0.461
0.434
0.46
0.451
0.448
0.446
0.452
0.431
0.461
0.449
0.458
0.418
0.455
0.518
0.458
0.471
0.461
0.495
0.51
0.472
0.418
0.463
0.427
0.495
0.448
0.463
0.484
0.47
0.468
0.435
0.476
0.469
0.507
0.462
0.443
0.465
0.443
0.431
0.479
0.468
0.415
0.584
0.476
0.51
0.551
0.59
0.51
0.401
0.469
0.504
0.514
0.499
0.447
0.51
0.511
0.541
0.509
0.527
0.513
0.544
0.5
0.525
0.509
0.478
0.498
0.46
0.429
0.523
0.52
0.527
0.42
0.469
0.56
0.471
0.533
0.489
0.511
0.475
0.467
0.609
0.522
0.495
0.489
0.543
0.511
0.499
0.602
0.529
0.585
0.549
0.502
0.601
0.566
0.51
0.502
0.548
0.54
0.516
0.474
0.514
0.514
0.527
0.488
0.621
0.529
0.526
0.533
0.495
0.527
0.536
0.461
0.538
0.545
0.52
0.515
0.526
0.509
0.571
0.599
0.518
0.507
0.508
0.514
0.521
0.525
0.607
0.672
0.603
0.589
0.51
0.551
0.569
0.557
0.661
0.612
0.547
0.59
0.532
0.508
0.615
0.551
0.548
0.51
0.552
0.513
0.512
0.517
0.557
0.475
0.548
0.54
0.534
0.545
0.675
0.532
0.551
0.6
