1.082
1.027
0.927
1.004
0.962
0.92
0.941
0.894
0.93
0.995
0.959
1.008
1.04
0.907
0.924
0.954
0.949
0.914
0.923
0.961
1.034
1.048
0.979
0.989
1.081
1.072
1.186
1.097
1.034
1.181
1.012
1.047
1.022
1.03
1.049
1.027
1.08
1.084
1.182
1.162
1.169
1.06
1.334
1.148
1.054
1.203
1.116
1.041
1.123
1.077
1.068
1.052
1.298
1.121
1.225
1.238
1.31
1.279
1.282
1.225
1.324
1.365
1.274
1.256
1.368
1.262
1.306
1.445
1.334
1.324
1.366
1.278
1.407
1.577
1.428
1.329
1.571
1.411
1.553
1.379
1.558
1.343
1.452
1.494
1.513
1.558
1.442
1.571
1.419
1.528
1.472
1.589
1.495
1.524
1.467
1.576
1.551
1.624
1.472
1.708
1.095
0.944
0.95
0.936
0.91
0.977
0.893
0.928
0.914
0.97
0.968
0.94
0.991
0.865
0.981
0.88
0.936
0.914
0.976
0.993
1.035
0.978
0.976
1.081
1.016
0.953
0.921
1.202
1.08
1.098
1.132
1.08
1.065
1.067
0.98
1.026
1.055
1.073
1.464
1.14
1.243
1.226
1.13
1.105
1.118
1.111
1.025
1.144
1.126
1.287
1.321
1.284
1.179
1.411
1.131
1.372
1.271
1.336
1.204
1.305
1.178
1.282
1.187
1.381
1.148
1.466
1.233
1.481
1.341
1.325
1.511
1.403
1.452
1.315
1.471
1.541
1.321
1.371
1.357
1.346
1.389
1.299
1.234
1.608
1.342
1.501
1.441
1.515
1.395
1.565
1.602
1.485
1.417
1.41
1.398
1.372
1.355
1.426
1.02
0.982
