0.913
0.724
0.691
0.647
0.638
0.792
0.688
0.655
0.771
0.674
0.759
0.695
0.755
0.674
0.761
0.687
0.837
0.846
0.843
0.71
0.718
0.742
0.733
0.776
0.748
0.694
0.689
0.693
0.708
0.674
0.798
0.745
0.794
0.775
0.803
0.775
0.808
0.75
0.816
0.826
0.786
0.797
0.745
0.884
0.918
0.769
0.773
0.769
0.81
0.88
0.751
0.82
0.785
0.868
0.824
0.721
0.776
0.878
0.786
0.79
0.816
0.849
0.773
0.831
0.774
0.788
0.822
0.763
0.781
0.851
0.793
1.083
0.919
1.06
0.83
0.884
0.923
0.938
0.866
0.813
0.959
0.927
0.874
0.889
0.838
0.956
0.897
0.851
0.921
0.941
0.895
0.822
0.803
0.916
0.887
0.882
0.909
0.902
0.904
0.878
0.843
0.664
0.726
0.621
0.743
0.678
0.619
0.693
0.644
0.656
0.687
0.642
0.696
0.645
0.642
0.665
0.623
0.661
0.637
0.668
0.697
0.677
0.672
0.803
0.701
0.667
0.702
0.71
0.778
0.694
0.71
0.669
0.743
0.634
0.699
0.712
0.823
0.699
0.907
0.726
0.716
0.875
0.765
0.766
0.715
0.765
0.715
0.78
0.795
0.855
0.723
0.76
0.768
0.772
0.795
0.8
0.869
0.773
0.799
0.755
0.762
0.772
0.855
0.848
0.821
0.859
0.861
0.832
0.893
0.947
0.834
0.865
0.853
0.81
0.8
0.851
0.84
0.855
0.853
0.818
0.901
0.914
0.85
0.899
0.806
0.873
0.883
0.952
0.917
0.847
0.886
0.877
1.025
1.021
0.949
0.868
0.905
0.87
0.908
0.906
0.862
0.827
0.844
0.843
0.848
0.838
0.856
0.969
0.898
0.908
0.997
0.988
0.952
0.872
0.906
0.934
0.936
0.889
0.922
0.9
