3.069
2.242
3.526
3.277
2.285
2.532
2.139
3.309
3.34
2.926
3.184
2.197
2.243
2.121
2.268
3.025
2.22
3.245
2.013
2.102
2.424
2.314
3.679
2.368
3.625
2.291
3.469
2.234
3.074
3.151
2.318
2.819
2.303
2.983
2.149
3.168
3.468
3.1
3.091
2.341
3.188
2.622
2.147
2.343
3.381
2.927
2.179
3.172
2.297
2.249
2.282
2.1
2.395
2.379
2.114
2.223
2.433
3.27
3.477
2.348
3.104
3.265
2.967
2.336
3.393
3.47
2.274
2.142
2.209
3.2
2.191
2.243
3.641
3.452
2.339
2.393
3.036
2.361
3.214
2.179
2.38
2.341
2.405
3.151
2.315
3.383
3.22
2.541
3.371
3.383
2.327
3.201
2.259
3.168
4.281
3.373
2.32
2.496
2.511
2.364
2.307
3.45
3.414
3.015
3.448
2.979
3.052
2.48
2.219
3.3
2.13
2.969
3.376
2.268
2.33
2.282
2.286
3.193
3.149
2.054
2.357
2.092
3.375
3.042
2.968
3.037
3.144
3.725
2.345
2.474
3.162
3.126
2.303
2.069
3.502
2.346
2.229
2.935
3.317
3.084
3.594
2.923
3.373
3.708
3.429
2.199
2.34
3.475
2.583
3.087
2.381
3.351
2.665
3.432
3.191
2.479
2.675
2.335
2.351
3.233
2.529
3.704
2.377
2.944
2.417
3.593
2.571
2.406
3.44
2.193
3.659
2.544
3.258
3.234
2.246
3.227
3.009
2.285
3.544
2.437
3.214
2.992
3.445
3.445
2.127
2.255
3.082
2.569
3.563
2.19
3.056
3.066
3.43
3.015
3.481
2.396
3.232
2.841
3.31
3.035
3.066
2.406
2.589
3.202
3.291
3.297
2.447
2.692
3.165
2.269
3.498
3.211
2.425
3.398
3.27
3.546
4.351
2.471
2.425
3.257
3.253
3.908
2.558
2.492
3.097
2.973
2.575
3.289
3.671
3.379
2.494
2.354
2.453
3.22
2.283
3.106
3.347
3.129
