2.918
3.777
4.037
3.145
4.123
3.644
3.532
2.761
3.642
3.93
3.767
3.256
3.81
3.742
3.527
2.735
3.914
2.718
3.734
4.049
3.751
3.893
3.879
4.017
4.153
4.174
4.219
3.618
3.931
3.917
2.934
3.886
3.703
3.66
4.178
3.207
3.095
3.643
3.99
4.162
4.091
3.093
4.392
3.846
4.009
3.046
4.222
3.173
3.755
4.193
4.043
4.425
3.093
3.525
4
3.801
3.884
3.954
4.07
3.09
3.02
3.93
4.464
3.008
4.219
3.933
3.185
4.423
3.748
3.952
3.912
3.385
4.051
4.289
3.137
3.051
4.133
3.61
4.27
3.127
4.283
3.295
4.512
4.363
4.281
4.411
4.358
3.298
4.573
3.409
4.011
4.398
3.43
4.269
3.201
3.239
3.45
4.575
4.275
3.379
4.452
3.451
5.644
4.565
3.281
4.204
3.242
4.072
4.383
4.08
4.427
3.53
4.297
4.08
3.307
4.645
4.556
4.318
3.71
3.625
4.295
3.384
4.852
3.425

4.332
3.627
3.9
3.813
3.859
4.414
3.983
2.586
3.662
4.157
4.105
3.91
2.908
3.947
3.682
2.726
3.709
2.924
3.789
3.876
2.86
3.903
4.037
3.939
3.496
3.872
3.711
4.008
4.198
2.887
3.042
3.92
4.191
4.213
4.04
3.644
3.718
3.701
2.924
3.065
3.636
3.897
4.015
3.853
4.076
3.317
3.221
4.333
3.817
3.179
4.225
3.009
4.384
4.06
3.267
4.248
3.059
2.858
3.067
4.455
4.334
4.315
4.141
4.207
3.877
3.079
3.923
4.066
3.38
4.558
4.608
4.836
3.321
3.595
4.222
4.188
3.504
4.036
