0.909
0.855
0.797
0.86
0.873
0.882
0.765
0.863
0.791
0.887
0.917
0.897
0.802
0.891
0.865
0.862
0.772
0.786
0.877
0.861
0.87
0.889
0.883
0.898
0.796
0.796
0.888
0.792
0.867
0.785
0.874
0.781
0.866
0.861
0.786
0.773
0.867
0.863
0.79
0.794
0.904
0.901
0.802
0.791
0.779
0.772
0.782
0.892
0.881
0.865
0.863
0.866
0.773
0.775
0.866
0.804
0.794
0.925
0.9
0.895
0.799
0.894
0.886
0.871
0.9
0.893
0.9
0.784
0.865
0.772
0.887
0.769
0.864
0.783
0.871
0.789
0.875
0.886
0.784
0.794
0.81
0.905
0.896
0.888
0.791
0.877
0.887
0.878
0.875
0.817
0.828
0.882
0.925
0.828
0.829
0.794
0.798
0.883
0.891
0.879
0.879
