1.411
1.374
1.273
1.383
1.286
1.314
1.363
1.294
1.288
1.413
1.321
1.351
1.338
1.217
1.356
1.328
1.332
1.367
1.35
1.417
1.401
1.44
1.342
1.476
1.485
1.54
1.34
1.418
1.447
1.542
1.366
1.423
1.392
1.481
1.563
1.367
1.461
1.517
1.394
1.467
1.537
1.379
1.384
1.323
1.524
1.603
1.339
1.778
1.593
1.566
1.678
1.555
1.624
1.593
1.747
1.699
1.446
1.703
1.762
1.587
1.517
1.736
1.717
1.682
1.579
1.735
1.655
1.566
1.581
1.688
1.623
1.829
1.71
1.598
1.533
1.664
1.786
1.841
1.71
1.758
1.792
1.767
1.649
1.885
1.684
1.958
1.841
1.828
1.873
1.886
1.661
1.841
1.855
1.8
1.896
1.754
1.916
1.881
1.832
1.847
1.82
