0.285
0.239
0.252
0.219
0.229
0.407
0.229
0.216
0.216
0.234
0.215
0.227
0.221
0.228
0.229
0.185
0.216
0.213
0.251
0.22
0.252
0.237
0.215
0.229
0.247
0.2
0.21
0.218
0.254
0.208
0.229
0.197
0.207
0.215
0.2
0.215
0.21
0.194
0.222
0.221
0.229
0.202
0.208
0.22
0.217
0.23
0.224
0.226
0.196
0.224
0.201
0.205
0.207
0.207
0.211
0.227
0.219
0.219
0.196
0.221
0.209
0.21
0.284
0.21
0.239
0.245
0.225
0.235
0.201
0.252
0.211
0.263
0.227
0.232
0.248
0.247
0.251
0.193
0.23
0.251
0.234
0.236
0.19
0.241
0.244
0.223
0.26
0.216
0.233
0.226
0.239
0.219
0.212
0.202
0.252
0.233
0.222
0.215
0.209
0.214
