2.809
2.77
2.345
1.752
1.782
1.722
2.678
2.202
2.798
2.954
2.018
1.893
2.31
3.011
3.146
2.345
2.39
2.432
2.569
2.835
2.371
2.125
3.077
2.994
2.847
2.798
1.967
2.243
2.754
2.498
2.392
2.532
2.901
2.392
1.969
3.099
2.114
2.16
2.282
2.732
3.299
3.166
2.989
3.157
2.419
3.176
2.95
2.189
2.648
2.884
3.347
2.946
2.643
2.635
3.039
2.962
2.174
2.112
3.409
2.788
2.677
2.887
2.943
2.171
2.219
2.493
2.536
2.974
3.254
2.953
2.981
3.209
3.233
3.192
3.429
2.616
2.298
3.202
2.914
2.749
2.896
3.172
2.904
2.747
2.433
2.877
3.261
2.743
2.756
2.327
2.265
2.272
3.156
3.176
2.755
3.028
3.298
2.585
2.899
3.28
3.111
3.422
2.517
2.757
2.61
3.052
3.299
2.635
3.123
3.729
3.108
3.444
2.595
3.422
3.566
2.854
2.699
3.337
3.412
2.61
3.535
2.729
3.471
3.266
4.065
3.727
3.077
3.545
3.47
2.632
3.238
2.895
2.809
3.051
3.435
3.869
2.688
2.683
2.689
3.802
3.66
3.2
3.687
4.011
3.257
3.718
4.06
3.553
3.183
4.101
3.24
2.737
3.357
4.076
3.871
3.112
3.242
2.693
3.136
3.955
3.6
4.149
3.699
3.232
2.904
3.595
4.049
3.378
2.982
3.973
4.139
4.038
4.168
3.262
3.043
4.036
4.09
3.556
3.761
3.685
4.223
3.045
3.346
3.3
3.137
4.056
4.025
4.374
4.201
3.123
3.497
