0.394
0.369
0.331
0.35
0.371
0.395
0.374
0.371
0.368
0.293
0.449
0.37
0.354
0.384
0.309
0.445
0.361
0.423
0.358
0.344
0.277
0.349
0.399
0.355
0.428
0.394
0.302
0.426
0.422
0.375
0.37
0.371
0.372
0.392
0.385
0.369
0.291
0.328
0.32
0.386
0.303
0.305
0.344
0.361
0.4
0.375
0.483
0.442
0.388
0.392
0.467
0.343
0.411
0.359
0.437
0.376
0.361
0.348
0.379
0.435
0.375
0.443
0.404
0.389
0.371
0.382
0.427
0.484
0.428
0.529
0.407
0.426
0.393
0.425
0.338
0.38
0.474
0.329
0.324
0.39
0.391
0.409
0.359
0.417
0.413
0.413
0.405
0.359
0.342
0.357
0.49
0.417
0.497
0.45
0.456
0.479
0.448
0.533
0.548
0.448
0.477
