3.611
3.627
3.074
3.096
3.157
3.213
3.121
4.193
4.258
3.691
4.564
3.137
3.442
3.051
3.115
4.295
3.895
3.877
3.791
3.142
4.789
3.409
3.833
4.374
3.981
4.025
3.148
3.434
3.297
3.126
3.585
3.291
3.982
3.98
3.242
3.509
3.929
3.837
3.874
4.759
3.67
3.662
3.864
3.935
3.663
3.571
3.11
4.388
3.6
3.122
3.55
3.16
3.708
3.92
3.23
4.026
3.938
3.178
3.206
3.858
3.54
3.959
3.919
3.229
3.502
3.219
3.821
3.107
3.886
3.299
3.762
3.936
3.981
3.319
3.596
3.634
3.265
3.585
3.321
4.069
3.655
3.639
3.195
3.915
3.297
3.168
3.965
3.972
3.272
4.089
3.914
3.14
3.204
3.878
4.071
3.776
4.401
3.59
3.546
3.969
3.135
5.125
