1.056
1.001
1.058
1.019
1.03
0.999
1.12
1.048
1.016
1.039
1.039
1.049
1.04
1.013
1.019
1.041
1.02
1.063
1.043
0.972
1.041
1.049
1.004
1.035
1.101
1.004
1.072
1.073
1.008
1.076
1.094
1.069
1.047
1.077
1.04
1.013
1.039
1.094
1.092
1.185
1.065
1.084
1.065
1.041
1.048
1.052
1.036
1.065
1.053
1.055
1.025
1.069
1.044
1.083
1.089
1.067
1.11
1.181
1.13
1.167
1.147
1.06
1.103
1.079
1.087
1.115
1.094
1.163
1.143
1.073
1.121
1.089
1.058
1.111
1.089
1.114
1.126
1.094
1.051
1.192
1.067
1.044
1.158
1.112
1.046
1.124
1.21
1.045
1.183
1.164
1.11
1.08
1.116
1.058
1.14
1.2
1.068
1.146
1.052
1.148
1.135
