0.463
0.396
0.468
0.409
0.361
0.419
0.384
0.442
0.403
0.508
0.382
0.401
0.42
0.393
0.479
0.445
0.429
0.39
0.435
0.45
0.357
0.543
0.387
0.484
0.464
0.498
0.535
0.406
0.444
0.435
0.37
0.505
0.38
0.525
0.503
0.452
0.488
0.496
0.529
0.448
0.464
0.461
0.472
0.474
0.403
0.444
0.457
0.525
0.442
0.504
0.533
0.477
0.518
0.455
0.445
0.452
0.47
0.445
0.523
0.544
0.467
0.429
0.4
0.386
0.428
0.423
0.387
0.567
0.562
0.575
0.516
0.508
0.488
0.456
0.542
0.454
0.522
0.502
0.525
0.543
0.542
0.503
0.567
0.551
0.51
0.481
0.48
0.619
0.547
0.563
0.547
0.534
0.525
0.559
0.607
0.527
0.612
0.578
0.48
0.56
0.546
