0.546
0.426
0.41
0.379
0.401
0.437
0.38
0.459
0.394
0.405
0.519
0.357
0.392
0.385
0.392
0.385
0.43
0.4
0.346
0.356
0.46
0.367
0.459
0.433
0.312
0.446
0.411
0.369
0.39
0.408
0.409
0.377
0.54
0.482
0.429
0.479
0.441
0.368
0.531
0.49
0.491
0.502
0.343
0.44
0.443
0.484
0.484
0.498
0.503
0.469
0.521
0.444
0.517
0.441
0.632
0.58
0.482
0.456
0.532
0.567
0.405
0.499
0.473
0.572
0.568
0.453
0.434
0.48
0.517
0.546
0.509
0.576
0.52
0.441
0.515
0.663
0.535
0.598
0.466
0.461
0.444
0.509
0.53
0.492
0.504
0.544
0.419
0.554
0.504
0.473
0.507
0.487
0.509
0.531
0.457
0.568
0.587
0.591
0.512
0.513
0.478
0.569
0.565
0.703
0.571
0.677
0.523
0.597
