0.321
0.276
1.3
0.291
0.23
0.26
0.261
0.265
0.282
0.3
0.241
0.336
1.252
0.243
0.325
0.286
0.268
0.272
0.258
0.285
0.289
1.269
0.246
0.302
0.219
0.248
0.312
1.323
0.353
0.291
0.294
1.273
0.338
0.301
0.277
0.272
0.318
0.208
0.244
0.256
0.246
0.228
0.259
0.313
1.315
0.254
1.3
0.266
0.301
0.313
0.267
0.296
0.284
0.184
0.291
0.276
0.266
1.28
0.323
1.304
0.313
0.351
0.237
0.281
0.284
0.31
0.261
0.287
0.274
0.255
0.288
0.266
0.28
0.262
0.256
1.268
0.28
0.314
0.38
0.274
0.462
0.272
0.322
0.281
0.351
0.293
1.286
0.34
0.22
0.286
0.229
0.217
1.199
0.319
0.285
1.321
0.323
0.301
0.306
1.269
0.237
