0.825
0.721
1.931
1.956
0.829
0.687
1.035
0.88
0.796
0.853
2.078
1.822
1.992
1.849
1.651
2.006
0.828
1.675
0.836
1.88
1.876
1.012
0.823
1.01
1.909
0.876
1.068
1.805
1.936
1.968
1.965
0.85
1.976
1.436
0.82
0.904
0.829
0.785
2.151
1.988
1.943
0.9
1.529
0.822
2.515
1.884
1.929
2.129
1.679
1.007
1.993
1.024
1.036
0.865
0.928
0.882
1.099
2.156
0.986
0.923
2.23
1.851
2.236
0.889
0.929
1.836
1.774
2.07
1.978
2.061
1.807
2.055
0.985
2.291
0.799
2.142
0.98
0.815
1.007
0.91
1.915
2.047
0.758
1.056
1.883
2.17
0.834
2.185
1.935
0.957
2.14
0.898
0.872
0.95
1.685
1.964
2.264
0.763
2.219
0.97
1.044
2.048
1.9
1.996
2.101
