3.11
3.061
3.259
3.009
3.59
3.037
2.966
2.79
3.618
3.206
3.22
3.208
2.832
4.142
3.344
2.974
2.958
3.386
3.13
3.297
3.15
3.229
3.361
3.14
3.151
3.038
3.295
3.143
3.394
3.138
3.038
3.472
2.845
3.644
3.861
3.033
3.345
3.473
3.678
3.035
3.309
3.353
3.753
3.226
3.394
3.775
4.162
3.292
3.221
3.137
3.187
3.286
3.504
3.655
3.141
3.119
3.066
3.423
3.59
3.937
3.422
3.213
3.278
3.759
3.559
3.512
3.149
3.363
3.469
3.599
3.504
3.47
3.679
3.391
3.577
3.516
3.766
3.456
3.206
3.404
3.454
3.895
3.885
3.733
3.498
3.588
3.445
3.685
3.535
3.392
3.72
3.409
3.723
3.635
3.507
3.574
3.519
3.501
3.729
3.749
3.768
3.437
3.593
3.814
3.56
3.851
