0.998
0.731
0.682
0.824
0.808
0.711
0.748
0.75
0.784
0.761
0.865
0.848
0.687
0.69
0.768
0.754
0.81
0.827
0.724
0.775
0.767
1.059
1.013
0.936
0.929
0.858
0.903
0.763
0.872
0.796
0.833
0.843
0.863
0.974
0.866
0.905
1.031
1.013
1.04
0.953
1.051
0.947
1.041
0.955
1.015
0.955
1.134
1.005
1.074
1.075
1.021
1.028
1.076
1.088
1.074
0.924
1
1.118
0.993
0.962
1.337
1.185
1.331
1.076
1.153
1.373
1.176
1.184
1.136
1.343
1.02
1.077
1.082
1.198
1.189
1.239
1.19
1.351
1.342
1.275
1.33
1.286
1.235
1.162
1.362
1.375
1.296
1.249
1.366
1.276
1.313
1.287
1.444
1.425
1.46
1.355
1.444
1.421
1.451
1.412
1.402
