1.533
1.467
1.402
1.455
1.399
1.401
1.424
1.425
1.427
1.538
1.411
1.451
1.478
1.385
1.434
1.458
1.438
1.454
1.469
1.531
1.432
1.461
1.594
1.629
1.501
1.6
1.539
1.524
1.556
1.683
1.598
1.656
1.575
1.636
1.564
1.638
1.573
1.611
1.664
1.599
1.581
1.686
1.659
1.531
1.583
1.61
1.519
1.689
1.589
1.593
1.671
1.693
1.675
1.792
1.637
1.72
1.857
1.867
1.803
1.674
1.727
1.736
1.786
1.677
1.834
1.845
1.691
1.663
1.867
1.742
1.882
1.887
1.816
1.837
1.896
1.848
1.803
1.858
1.819
1.838
1.818
1.861
1.85
1.812
1.856
2.205
1.943
2.052
1.94
1.999
2.078
1.916
1.967
1.977
2.004
2.021
2.036
1.998
1.957
1.959
1.933
1.997
1.919
2.122
2.058
2.08
