1.145
1.117
1.019
1.02
1.123
1.117
1.114
1.062
1.105
1.109
1.012
1.115
1
1.01
1.092
1.098
1.005
1.015
1.002
1.008
1.141
1.106
1.138
1.13
1.027
1.121
1.014
1.104
1.081
1.094
1.1
1.105
1.024
1.095
1.004
1.1
1.128
1.135
1.13
1.119
1.018
1.016
1.091
1.123
1.091
1.025
1.112
1.092
1.101
1.005
1.095
1.007
1.072
1.035
1.081
1.035
1.026
1.02
1.059
1.134
1.128
1.048
1.101
1.105
1.09
1.09
1.132
1.084
1.106
1.012
1.104
0.998
1.007
1.084
1.036
1.037
1.037
1.149
1.114
1.005
1.022
1.111
1.114
1.002
1.113
1.109
1.095
1.112
1.021
1.1
1.061
1.053
1.039
1.139
1.027
1.109
1.109
1.015
1.115
1.108
1.014
