2.325
2.304
2.259
2.31
2.204
2.24
2.309
2.256
2.258
2.236
2.264
2.301
2.248
2.234
2.27
2.274
2.252
2.282
2.202
2.322
2.262
2.219
2.273
2.276
2.24
2.3
2.28
2.231
2.271
2.423
2.411
2.34
2.468
2.228
2.181
2.276
2.338
2.229
2.297
2.303
2.291
2.262
2.189
2.31
2.325
2.355
2.29
2.347
2.314
2.228
2.247
2.301
2.246
2.216
2.304
2.307
2.229
2.34
2.27
2.368
2.259
2.338
2.262
2.296
2.364
2.377
2.377
2.283
2.308
2.303
2.395
2.299
2.302
2.277
2.279
2.343
2.444
2.366
2.252
2.309
2.355
2.261
2.192
2.265
2.319
2.226
2.257
2.327
2.241
2.218
2.358
2.385
2.34
2.249
2.337
2.284
2.279
2.245
2.265
2.246
2.226
2.451
