1.377
1.341
1.268
1.247
1.329
1.346
1.342
1.366
1.334
1.284
1.26
1.237
1.348
1.342
1.238
1.321
1.354
1.252
1.265
1.365
1.352
1.342
1.244
1.25
1.333
1.339
1.243
1.239
1.24
1.244
1.33
1.286
1.255
1.361
1.304
1.285
1.261
1.252
1.25
1.242
1.23
1.351
1.344
1.256
1.299
1.357
1.301
1.342
1.251
1.287
1.252
1.374
1.37
1.264
1.262
1.265
1.239
1.335
1.379
1.247
1.247
1.253
1.257
1.245
1.263
1.276
1.286
1.396
1.254
1.272
1.238
1.261
1.25
1.345
1.242
1.25
1.263
1.341
1.242
1.275
1.285
1.268
1.304
1.369
1.341
1.238
1.251
1.34
1.355
1.34
1.272
1.307
1.257
1.364
1.258
1.275
1.252
1.356
1.355
1.245
1.26
