0.871
0.739
0.826
0.862
0.752
0.805
0.87
0.752
0.795
0.968
0.792
0.748
0.776
1.1
0.967
1.002
0.804
0.846
1.007
0.968
0.851
0.969
0.868
1.133
0.917
0.986
0.895
1.059
0.977
0.973
0.827
0.906
1.027
1.219
0.878
1.066
0.86
0.917
0.935
0.897
0.929
0.924
0.927
0.983
1.058
1.139
1.01
1.045
0.953
0.987
1.179
1.059
1.068
1.07
0.997
1.111
1.042
1.261
1.276
1.141
1.214
1.114
1.08
1.212
1.157
1.099
1.264
1.155
1.115
1.291
1.252
1.111
1.095
1.094
1.119
1.153
1.182
1.245
1.187
1.258
1.283
1.27
1.278
1.268
1.255
1.257
1.252
1.26
1.444
1.509
1.305
1.605
1.303
1.316
1.322
1.39
1.352
1.412
1.519
1.508
1.497
1.403
1.579
1.327
1.478
1.468
1.459
1.588
1.534
1.427
1.519
