0.137
0.072
0.078
0.044
0.079
0.066
0.062
0.023
0.045
0.064
0.049
0.032
0.073
0.042
0.042
0.081
0.054
0.084
0.083
0.121
0.061
0.078
0.096
0.057
0.065
0.081
0.04
0.097
0.048
0.045
0.096
0.101
0.079
0.075
0.067
0.051
0.05
0.036
0.068
0.059
0.067
0.079
0.058
0.073
0.106
0.066
0.09
0.069
0.11
0.108
0.058
0.143
0.057
0.128
0.089
0.067
0.075
0.068
0.049
0.088
0.083
0.108
0.077
0.167
0.086
0.063
0.128
0.077
0.09
0.089
0.105
0.092
0.109
0.081
0.075
0.088
0.08
0.082
0.081
0.113
0.122
0.046
0.085
0.064
0.076
0.024
0.056
0.041
0.027
0.053
0.01
0.091
0.095
0.108
0.119
0.113
0.092
0.091
0.04
0.042
0.049
0.054
0.05
