1.162
1.052
1.046
1.224
1.29
0.972
1.223
1.082
1.113
1.254
1.179
1.158
1.23
1.178
1.069
1.132
1.065
1.263
1.21
1.378
1.207
1.286
1.353
1.237
1.392
1.41
1.366
1.374
1.331
1.409
1.421
1.663
1.539
1.458
1.31
1.568
1.506
1.455
1.382
1.574
1.606
1.39
1.762
1.744
1.677
1.39
1.633
1.551
1.496
1.825
1.59
1.586
1.594
1.4
1.498
1.805
1.565
1.395
1.305
1.516
1.565
1.889
1.922
1.505
1.689
1.983
1.716
1.681
1.602
1.383
1.586
1.871
1.549
1.581
1.631
1.682
1.748
1.75
1.785
1.812
1.59
1.849
2.172
1.669
1.703
1.847
1.954
2.124
1.828
2.074
1.761
1.843
1.93
1.785
1.821
1.957
1.779
1.835
1.818
1.801
1.715
1.759
1.842
