0.826
0.71
0.676
0.743
0.741
0.802
0.791
0.709
0.645
0.902
0.774
0.737
0.698
0.731
0.726
0.77
0.84
0.759
0.933
0.804
0.891
0.832
0.979
0.886
0.998
0.826
1.134
1.04
0.889
0.905
0.836
0.845
0.726
0.792
0.875
0.886
0.844
0.936
0.947
0.966
1.001
0.918
1.108
0.893
1.073
0.963
0.971
1.007
1.09
1.024
1.142
0.883
1.101
1.203
1.067
1.183
1.278
1.41
1.208
1.483
1.173
1.271
1.301
1.325
1.211
1.161
1.054
1.349
1.183
1.109
1.118
1.076
1.257
1.196
1.444
1.177
1.368
1.084
1.287
1.193
1.206
1.149
1.23
1.193
1.202
1.265
1.379
1.218
1.181
1.256
1.366
1.145
1.261
1.253
1.23
1.263
1.265
1.265
1.195
1.417
1.272
1.365
