0.054
0.059
0.064
0.046
0.042
0.033
0.053
0.01
0.031
0
0.001
0.011
0.054
0.042
0
0
0.098
0.047
0.032
0.051
0.053
0.066
0.074
0.024
0.046
0.042
0.085
0.063
0.01
0.057
0.043
0.063
0.078
0.051
0.025
0.049
0.067
0.041
0.046
0.04
0.043
0.023
0.01
0.035
0.028
0.043
0.043
0.041
0.022
0.044
0.062
0.01
0.057
0.043
0.022
0.043
0.011
0
0.098
0.092
0.012
0.034
0.039
0.059
0.022
0.034
0.031
0.053
0.059
0.033
0.049
0.141
0.101
0.08
0.056
0.029
0.075
0.031
0.072
0.074
0.038
0.035
0.071
0.043
0.057
0.053
0.08
0.074
0.026
0.077
0.07
0.034
0.052
0.053
0.102
0.072
0.052
0.033
0.048
0.062
