1.082
1.023
1.004
1.004
1.002
1.006
1.023
1.037
0.962
1.01
0.964
0.995
0.979
1.001
0.991
1
0.988
0.997
0.994
0.988
0.967
1.014
0.997
1.08
0.981
1.068
0.971
0.968
1.008
0.974
1.103
1.002
1.001
1.006
1.008
1.013
0.991
1.083
1
1.016
1.021
1.029
1.025
1.004
1.163
1.152
1.152
1.07
1.092
1.039
1.135
1.08
1.163
1.19
1.075
1.101
1.08
1.057
1.072
1.072
1.18
1.067
1.168
1.067
1.056
1.176
1.072
1.105
1.101
1.062
1.148
1.187
1.094
1.075
1.157
1.186
1.106
1.059
1.091
1.083
1.079
1.13
1.261
1.094
1.094
1.087
1.123
1.061
1.049
1.098
1.067
1.042
1.055
1.04
1.122
1.097
1.078
1.075
1.097
1.086
