0.939
0.755
0.669
0.749
0.806
0.635
0.735
0.705
0.709
0.622
0.777
0.695
0.748
0.733
0.81
0.946
0.745
0.675
0.877
0.656
0.667
0.675
0.928
0.754
0.883
0.913
0.921
0.847
0.946
0.789
0.968
0.881
1.094
0.952
0.981
0.949
1.08
0.911
1.052
0.969
1.06
1.042
1.013
0.986
1.02
0.906
0.9
0.938
0.915
0.846
1.034
1.058
0.859
0.917
1.006
0.952
1.218
0.977
1.19
1.119
1.207
0.997
1.145
0.996
1.044
1.233
1.168
1.14
1.084
1.172
1.112
1.162
1.12
1.159
1.12
1.081
1.207
1.083
1.084
1.107
1.049
1.107
1.236
1.439
1.279
1.158
1.186
1.121
1.229
1.198
1.354
1.255
1.5
1.376
1.545
1.314
1.329
1.232
1.348
1.27
