2.172
2.043
2.093
2.16
2.055
2.049
2.1
2.231
1.982
2.174
2.236
2.065
2.208
2.146
2.178
2.139
2.241
2.156
2.189
2.256
2.184
2.203
2.151
2.049
2.097
2.12
2.148
2.171
2.189
2.145
2.23
2.248
2.201
2.302
2.151
2.131
2.091
2.091
2.204
2.234
2.274
2.29
2.43
2.408
2.456
2.4
2.313
2.337
2.308
2.341
2.426
2.357
2.667
2.466
2.38
2.51
2.397
2.386
2.421
2.395
2.494
2.368
2.437
2.374
2.383
2.451
2.428
2.456
2.374
2.416
2.409
2.528
2.443
2.466
2.51
2.705
2.679
2.459
2.438
2.39
2.607
2.561
2.624
2.58
2.568
2.581
2.642
2.757
2.554
2.544
2.661
2.628
2.716
2.641
2.698
2.709
2.768
2.62
2.721
2.671
3.153
2.964
2.83
2.897
2.813
2.902
2.774
2.759
2.784
2.817
2.855
2.887
2.821
2.79
2.996
2.957
2.743
2.864
2.834
3.17
2.92
2.844
2.844
2.945
2.891
2.883
2.884
2.835
2.841
2.842
2.927
3.137
3.092
2.947
2.996
3.327
3.129
2.904
3.033
3.016
3.01
2.999
3.026
2.983
3.015
3.133
3.061
3.236
3.166
3.088
3.16
3.174
3.024
3.011
3.239
3.291
3.204
3.286
3.556
