5.191
5.192
5.084
5.161
5.185
5.244
5.945
5.108
5.078
5.267
6
5.162
6.27
5.11
5.182
6.308
5.097
6.583
5.126
5.205
6.334
5.182
5.207
6.331
5.194
5.277
5.248
5.142
5.227
5.2
5.139
6.01
5.193
5.086
5.072
5.142
6.314
5.95
5.161
5.138
5.95
5.227
5.964
5.091
5.975
7.847
5.168
6.392
5.609
6.283
6.032
5.108
5.105
5.818
5.989
5.203
5.065
5.119
5.088
5.083
5.135
5.944
5.15
6.319
5.132
6.006
5.073
5.105
6.342
5.211
5.161
5.149
5.145
5.247
5.211
5.117
5.222
5.188
6.446
5.971
5.104
5.111
5.085
5.223
5.23
5.097
5.091
6.135
5.255
6.328
5.08
5.106
5.142
5.161
6.508
6.251
5.112
6.099
5.153
5.131
5.188
5.234
5.181
6.4
5.838
5.198
5.2
5.127
5.387
5.161
