1.293
1.184
1.2
1.176
1.178
1.172
1.248
1.144
1.164
1.266
1.292
1.232
1.215
1.248
1.185
1.238
1.192
1.162
1.24
1.248
1.253
1.206
1.291
1.409
1.467
1.394
1.285
1.445
1.302
1.339
1.373
1.395
1.335
1.412
1.458
1.44
1.418
1.414
1.507
1.491
1.434
1.488
1.313
1.471
1.403
1.368
1.488
1.458
1.612
1.469
1.445
1.447
1.545
1.56
1.461
1.404
1.403
1.414
1.525
1.485
1.436
1.511
1.5
1.691
1.349
1.529
1.49
1.601
1.534
1.579
1.615
1.518
1.66
1.64
1.531
1.624
1.532
1.53
1.697
1.598
1.638
1.59
1.631
1.54
1.571
1.578
1.669
1.694
1.69
1.634
1.599
1.675
1.757
1.705
1.629
1.784
1.757
1.751
1.608
1.837
1.698
1.762
1.73
