1.291
1.265
1.319
1.255
1.229
1.219
1.241
1.249
1.226
1.277
1.207
1.22
1.238
1.24
1.23
1.227
1.224
1.186
1.205
1.209
1.236
1.235
1.23
1.234
1.22
1.23
1.245
1.235
1.223
1.321
1.203
1.236
1.258
1.22
1.312
1.249
1.242
1.318
1.292
1.335
1.239
1.347
1.239
1.267
1.355
1.408
1.303
1.33
1.273
1.292
1.329
1.32
1.302
1.319
1.317
1.349
1.333
1.407
1.355
1.314
1.387
1.333
1.24
1.313
1.291
1.404
1.329
1.277
1.277
1.37
1.281
1.293
1.331
1.322
1.328
1.347
1.356
1.345
1.3
1.319
1.377
1.281
1.285
1.319
1.322
1.324
1.336
1.326
1.329
1.325
1.282
1.313
1.413
1.35
1.314
1.307
1.342
1.349
1.315
1.362
1.309
1.4
1.305
1.384
1.324
1.332
1.306
1.494
