1.474
1.357
1.338
1.389
1.383
1.356
1.359
1.321
1.32
1.375
1.361
1.371
1.302
1.322
1.378
1.323
1.362
1.407
1.328
1.391
1.424
1.428
1.577
1.472
1.524
1.533
1.511
1.457
1.452
1.533
1.46
1.52
1.595
1.671
1.517
1.466
1.518
1.483
1.461
1.542
1.43
1.534
1.461
1.507
1.517
1.527
1.514
1.743
1.593
1.627
1.783
1.774
1.665
1.693
1.672
1.565
1.666
1.8
1.705
1.782
1.634
1.722
1.746
1.773
1.67
1.75
1.724
1.78
1.717
1.667
1.711
1.785
1.858
1.792
1.731
1.779
1.782
1.843
1.85
1.968
1.975
1.883
1.87
1.91
1.909
1.91
1.902
1.889
1.883
1.911
1.894
1.89
1.84
2.048
1.924
2.002
1.913
2.016
1.97
2.077
1.93
2.023
2.113
2.046
2.046
2.028
2.084
2.194
2.047
1.966
2.068
2.07
2.16
2.064
2.055
2.107
2.089
2.188
2.004
2.31
2.242
2.145
2.046
2.243
2.19
2.177
2.321
2.265
