1.625
1.583
1.573
1.494
1.582
1.572
1.532
1.495
1.494
1.633
1.578
1.63
1.584
1.565
1.491
1.488
1.591
1.47
1.571
1.567
1.559
1.487
1.512
1.53
1.585
1.617
1.6
1.52
1.48
1.5
1.6
1.562
1.483
1.567
1.582
1.486
1.487
1.512
1.54
1.511
1.608
1.579
1.586
1.575
1.61
1.576
1.588
1.576
1.489
1.471
1.574
1.522
1.593
1.51
1.611
1.508
1.583
1.524
1.606
1.516
1.615
1.591
1.493
1.492
1.587
1.589
1.497
1.503
1.584
1.593
1.564
1.527
1.529
1.597
1.525
1.485
1.489
1.588
1.58
1.599
1.574
1.483
1.596
1.582
1.477
1.516
1.546
1.507
1.619
1.514
1.59
1.577
1.583
1.59
1.468
1.587
1.497
1.487
1.57
1.492
1.533
