2.293
2.104
2.418
2.653
2.596
1.614
2.057
2.184
1.355
2.445
2.239
2.131
1.429
1.446
2.157
2.445
1.732
1.956
2.187
1.814
2.466
1.922
2.297
2.268
1.622
1.511
2.368
2.24
2.444
1.571
2.076
2.244
1.426
2.086
2.293
2.028
2.223
2.381
2.28
1.743
2.511
2.261
2.225
2.089
2.396
1.619
1.798
2.278
2.435
1.74
2.308
1.554
2.522
2.367
1.596
2.278
1.502
2.519
2.86
2.187
2.717
2.174
2.613
2.539
2.131
2.565
2.346
2.317
2.178
2.227
2.336
2.261
1.522
2.188
2.508
2.602
1.884
1.653
1.901
1.445
2.573
2.693
2.135
1.971
1.633
2.533
2.477
2.422
1.661
2.911
2.451
2.617
1.673
2.47
1.429
2.56
2.346
2.134
2.62
2.291
1.553
