0.043
0.035
0.038
0.044
0.035
0.058
0.026
0.054
0.043
0.064
0.034
0.064
0.063
0.011
0.032
0.011
0.023
0.058
0.033
0.046
0.027
0.046
0.059
0.012
0.042
0
0.045
0.052
0.047
0.077
0.054
0.04
0.025
0.063
0.039
0.032
0.027
0.099
0.07
0.094
0.065
0.065
0.069
0.013
0.097
0.045
0.069
0.046
0.046
0.057
0.01
0.062
0.074
0.058
0.074
0.073
0.037
0.066
0.055
0.054
0.056
0.083
0.067
0.051
0.056
0.029
0.114
0.111
0.046
0.033
0.038
0.011
0.04
0.046
0.062
0.026
0.042
0.058
0.062
0.045
0.011
0.03
0.03
0.08
0.079
0.046
0.094
0.047
0.037
0.086
0.013
0.044
0.092
0.084
0.046
0.035
0.087
0.031
0.044
0.062
0.057
0.044
0.022
0.034
0.043
0.065
0.08
0.079
0.022
0.034
0.062
0.076
0.041
0.055
0.086
0.079
0.063
0.037
0.042
0.043
0.048
