1.386
1.379
1.328
1.42
1.347
1.343
1.378
1.362
1.373
1.351
1.385
1.411
1.352
1.375
1.375
1.333
1.377
1.354
1.364
1.385
1.415
1.328
1.391
1.372
1.472
1.392
1.401
1.467
1.358
1.351
1.309
1.433
1.348
1.342
1.435
1.396
1.344
1.337
1.33
1.378
1.345
1.371
1.51
1.397
1.415
1.388
1.44
1.436
1.446
1.413
1.461
1.409
1.478
1.452
1.412
1.411
1.489
1.47
1.395
1.511
1.4
1.418
1.411
1.387
1.448
1.526
1.434
1.44
1.418
1.358
1.39
1.435
1.491
1.463
1.399
1.417
1.37
1.454
1.374
1.371
1.472
1.404
1.435
1.364
1.375
1.452
1.474
1.454
1.427
1.366
1.401
1.395
1.354
1.383
1.36
1.406
1.504
1.378
1.432
1.436
1.517
