2.91
2.908
2.921
2.929
2.905
2.942
2.862
2.885
2.9
2.793
2.954
2.812
3.381
2.912
2.948
3.168
2.909
2.891
2.952
2.936
2.802
2.79
2.906
3.583
2.877
2.911
2.946
2.921
2.901
2.89
2.906
2.897
2.795
2.901
3.552
2.817
2.912
2.923
2.91
2.804
2.962
2.953
2.942
2.804
2.817
2.869
2.836
2.948
3.439
2.811
2.892
2.839
2.898
2.95
2.938
2.825
3.375
2.935
2.897
2.818
2.952
2.898
2.941
2.95
2.937
3.464
2.916
2.941
2.914
2.896
2.993
2.933
2.927
2.899
2.938
2.932
3.582
2.931
2.933
2.902
2.821
3.377
2.847
2.916
2.92
2.954
2.797
2.921
2.949
2.956
2.925
2.932
2.825
2.928
2.823
3.602
2.798
2.984
2.929
2.963
2.935
2.824
