1.631
0.64
1.593
0.584
0.573
0.668
0.61
0.598
0.64
0.626
0.643
0.509
0.527
0.615
0.558
0.522
1.511
1.506
0.642
0.559
1.506
0.663
1.78
0.536
0.604
0.459
0.56
0.652
0.595
1.47
1.446
1.493
0.568
0.648
1.408
0.663
1.537
0.649
1.542
0.708
0.732
1.618
0.682
1.544
0.751
0.655
1.584
0.642
0.563
1.586
1.468
0.645
0.661
0.639
0.702
0.595
0.65
0.622
0.535
0.604
0.555
0.623
0.641
0.581
0.636
0.589
0.763
0.595
0.688
0.559
0.761
0.561
1.754
0.573
0.526
0.604
0.625
0.595
0.558
1.482
1.598
1.588
0.627
1.526
0.579
0.672
0.585
0.537
0.584
0.52
0.712
0.604
0.496
0.667
0.671
0.581
0.489
1.835
0.537
0.647
0.545
0.593
1.621
0.688
0.667
0.5
