0.45
0.371
0.362
0.328
0.302
0.327
0.395
0.373
0.361
0.353
0.358
0.342
0.313
0.361
0.392
0.325
0.346
0.352
0.303
0.521
0.323
0.352
0.318
0.395
0.415
0.322
0.339
0.345
0.815
0.681
0.856
0.691
1.081
1.043
1.166
0.803
0.774
1.518
0.904
0.367
0.393
0.444
0.344
0.407
0.358
0.394
0.41
0.376
0.333
0.379
0.401
0.389
0.395
0.627
0.445
0.45
0.5
0.464
0.504
0.411
0.617
0.426
0.409
0.504
0.41
0.475
0.459
0.505
0.552
0.604
0.412
0.463
0.493
0.464
0.491
0.521
0.525
0.464
0.397
0.393
0.437
0.535
0.423
0.427
0.555
0.491
0.403
0.492
0.45
0.477
0.477
0.455
0.437
0.438
0.516
0.48
0.476
0.467
0.507
0.513
0.539
