0.138
0.119
0.121
0.119
0.121
0.121
0.12
0.12
0.117
0.109
0.119
0.118
0.121
0.124
0.114
0.122
0.122
0.122
0.124
0.09
0.126
0.121
0.12
0.114
0.123
0.123
0.121
0.119
0.121
0.121
0.122
0.117
0.123
0.122
0.122
0.116
0.117
0.123
0.118
0.119
0.116
0.123
0.125
0.127
0.124
0.126
0.128
0.124
0.117
0.119
0.122
0.124
0.123
0.121
0.121
0.116
0.121
0.146
0.119
0.12
0.12
0.121
0.118
0.12
0.112
0.126
0.114
0.119
0.121
0.125
0.126
0.123
0.121
0.127
0.122
0.124
0.124
0.123
0.123
0.124
0.124
0.121
0.123
0.124
0.123
0.124
0.121
0.12
0.118
0.107
0.124
0.119
0.12
0.126
0.124
0.125
0.122
0.124
0.123
0.116
0.124
0.124
0.123
0.124
0.117
0.123
