0.047
0.023
0.015
0.019
0.018
0.011
0.021
0.011
0.018
0.024
0.023
0.017
0.019
0.021
0.018
0.017
0.021
0.014
0.011
0.013
0.014
0.021
0.013
0.018
0.013
0.011
0.011
0.021
0.009
0.013
0.014
0.017
0.023
0.013
0.014
0.014
0.013
0.011
0.02
0.017
0.013
0.019
0.021
0.017
0.009
0.021
0.01
0.013
0.02
0.013
0.016
0.019
0.017
0.012
0.014
0.01
0.012
0.011
0.012
0.01
0.02
0.009
0.014
0.013
0.022
0.011
0.013
0.013
0.012
0.011
0.014
0.013
0.012
0.016
0.017
0.014
0.012
0.014
0.014
0.012
0.021
0.015
0.011
0.023
0.01
0.013
0.012
0.029
0.01
0.014
0.012
0.013
0.015
0.02
0.015
0.014
0.016
0.019
0.017
0.008
0.018
0.014
0.012
0.015
0.021
0.012
0.013
0.026
0.013
0.013
0.01
0.014
0.012
0.013
0.016
0.011
0.02
0.013
0.013
0.015
0.011
