0.14
0.129
0.124
0.126
0.124
0.123
0.124
0.128
0.116
0.112
0.119
0.109
0.122
0.121
0.12
0.121
0.118
0.084
0.123
0.123
0.125
0.123
0.121
0.117
0.122
0.122
0.117
0.121
0.122
0.118
0.122
0.119
0.118
0.126
0.123
0.115
0.119
0.124
0.122
0.122
0.119
0.118
0.121
0.123
0.12
0.127
0.124
0.13
0.118
0.121
0.123
0.122
0.122
0.121
0.122
0.122
0.119
0.115
0.116
0.117
0.118
0.117
0.12
0.117
0.124
0.13
0.12
0.122
0.121
0.122
0.122
0.126
0.124
0.131
0.114
0.119
0.119
0.122
0.122
0.118
0.121
0.122
0.121
0.121
0.111
0.12
0.116
0.117
0.117
0.121
0.117
0.119
0.122
0.122
0.122
0.141
0.128
0.126
0.125
0.123
0.124
0.124
0.123
