0.131
0.12
0.12
0.117
0.12
0.121
0.152
0.12
0.119
0.118
0.121
0.12
0.122
0.12
0.119
0.121
0.12
0.121
0.09
0.1
0.115
0.118
0.1
0.118
0.121
0.118
0.119
0.115
0.119
0.119
0.115
0.118
0.119
0.119
0.115
0.119
0.114
0.082
0.118
0.119
0.12
0.12
0.118
0.119
0.106
0.12
0.118
0.118
0.117
0.119
0.116
0.119
0.118
0.112
0.126
0.117
0.114
0.117
0.118
0.117
0.121
0.119
0.113
0.12
0.117
0.127
0.123
0.119
0.115
0.119
0.12
0.113
0.118
0.117
0.119
0.12
0.123
0.118
0.116
0.118
0.121
0.119
0.115
0.118
0.117
0.119
0.115
0.119
0.119
0.119
0.116
0.118
0.12
0.118
0.12
0.119
0.121
0.119
0.117
0.118
0.12
