0.141
0.131
0.122
0.123
0.113
0.122
0.12
0.121
0.121
0.098
0.121
0.12
0.118
0.117
0.118
0.118
0.13
0.126
0.123
0.118
0.116
0.128
0.132
0.121
0.123
0.123
0.12
0.115
0.123
0.12
0.122
0.12
0.121
0.122
0.122
0.113
0.119
0.083
0.12
0.113
0.124
0.122
0.121
0.112
0.119
0.122
0.119
0.128
0.125
0.123
0.121
0.12
0.122
0.121
0.119
0.122
0.116
0.121
0.124
0.122
0.119
0.123
0.123
0.123
0.126
0.118
0.123
0.119
0.125
0.12
0.126
0.12
0.124
0.124
0.119
0.125
0.124
0.124
0.123
0.121
0.123
0.123
0.124
0.123
0.123
0.123
0.12
0.117
0.123
0.124
0.132
0.123
0.124
0.12
0.124
0.124
0.124
0.123
0.124
0.123
0.12
