0.134
0.122
0.082
0.119
0.12
0.121
0.119
0.119
0.121
0.117
0.12
0.117
0.08
0.114
0.128
0.123
0.12
0.117
0.121
0.119
0.118
0.123
0.12
0.118
0.116
0.121
0.119
0.119
0.12
0.115
0.122
0.124
0.12
0.12
0.118
0.118
0.133
0.12
0.121
0.118
0.119
0.119
0.116
0.119
0.12
0.119
0.115
0.118
0.119
0.121
0.119
0.119
0.119
0.12
0.12
0.119
0.116
0.116
0.116
0.119
0.114
0.117
0.119
0.122
0.123
0.117
0.12
0.117
0.12
0.118
0.12
0.119
0.118
0.115
0.12
0.121
0.119
0.121
0.118
0.123
0.118
0.121
0.12
0.116
0.12
0.118
0.121
0.121
0.117
0.118
0.118
0.121
0.115
0.118
0.12
0.119
0.12
0.119
0.121
0.118
0.116
