0.152
0.119
0.124
0.125
0.121
0.119
0.122
0.124
0.122
0.117
0.082
0.118
0.12
0.114
0.117
0.119
0.121
0.116
0.082
0.113
0.081
0.121
0.12
0.122
0.12
0.113
0.116
0.123
0.123
0.117
0.121
0.121
0.122
0.12
0.114
0.119
0.118
0.119
0.118
0.115
0.122
0.119
0.122
0.121
0.108
0.116
0.121
0.118
0.118
0.118
0.116
0.122
0.119
0.122
0.119
0.159
0.124
0.12
0.121
0.12
0.12
0.119
0.123
0.122
0.129
0.119
0.123
0.121
0.121
0.126
0.12
0.119
0.121
0.119
0.121
0.117
0.121
0.118
0.118
0.123
0.121
0.114
0.122
0.117
0.12
0.12
0.116
0.121
0.118
0.119
0.108
0.121
0.12
0.121
0.123
0.119
0.12
0.119
0.122
0.119
0.119
0.118
0.117
0.12
0.116
0.12
0.12
0.118
