0.03
0.026
0.013
0.022
0.023
0.017
0.016
0.012
0.022
0.029
0.023
0.013
0.02
0.013
0.021
0.017
0.015
0.018
0.023
0.024
0.019
0.019
0.016
0.013
0.012
0.014
0.023
0.017
0.015
0.013
0.023
0.018
0.013
0.031
0.035
0.018
0.014
0.016
0.014
0.018
0.014
0.013
0.018
0.014
0.012
0.024
0.015
0.016
0.013
0.02
0.035
0.015
0.02
0.028
0.018
0.021
0.02
0.019
0.011
0.013
0.014
0.016
0.015
0.014
0.024
0.02
0.014
0.024
0.014
0.011
0.019
0.014
0.011
0.022
0.044
0.017
0.014
0.015
0.02
0.013
0.017
0.016
0.012
0.028
0.024
0.029
0.021
0.017
0.014
0.02
0.016
0.022
0.027
0.02
0.029
0.023
0.025
0.015
0.016
0.016
0.022
