0.141
0.128
0.123
0.121
0.117
0.123
0.123
0.118
0.116
0.118
0.12
0.12
0.122
0.118
0.122
0.119
0.128
0.127
0.124
0.128
0.129
0.122
0.118
0.121
0.12
0.119
0.121
0.121
0.117
0.118
0.117
0.083
0.119
0.104
0.122
0.118
0.12
0.118
0.12
0.121
0.122
0.124
0.121
0.127
0.125
0.126
0.125
0.128
0.122
0.122
0.123
0.122
0.119
0.121
0.117
0.118
0.118
0.119
0.12
0.083
0.121
0.117
0.121
0.124
0.129
0.116
0.119
0.121
0.125
0.123
0.123
0.122
0.123
0.123
0.123
0.125
0.121
0.124
0.121
0.125
0.126
0.122
0.124
0.123
0.121
0.117
0.124
0.121
0.125
0.118
0.124
0.125
0.125
0.122
0.12
0.125
0.122
0.121
0.123
0.123
0.123
0.123
0.124
0.124
0.121
0.12
0.086
0.12
0.126
0.086
0.123
0.125
0.125
0.124
0.126
0.122
0.139
0.124
0.119
0.127
0.134
0.12
0.125
0.123
0.125
0.123
0.122
0.125
