0.205
0.163
0.168
0.162
0.166
0.173
0.162
0.163
0.169
0.164
0.161
0.164
0.171
0.167
0.158
0.15
0.192
0.172
0.173
0.171
0.164
0.158
0.17
0.168
0.165
0.176
0.16
0.162
0.161
0.185
0.161
0.15
0.167
0.161
0.171
0.163
0.17
0.165
0.17
0.179
0.179
0.17
0.141
0.149
0.161
0.168
0.168
0.163
0.165
0.165
0.163
0.164
0.165
0.174
0.168
0.16
0.164
0.164
0.167
0.159
0.168
0.165
0.172
0.166
0.156
0.16
0.167
0.166
0.169
0.162
0.166
0.173
0.157
0.14
0.159
0.156
0.152
0.161
0.167
0.166
0.16
0.159
0.163
0.178
0.169
0.174
0.173
0.16
0.167
0.167
0.172
0.168
0.174
0.164
0.165
0.163
0.169
0.156
0.162
0.164
0.168
0.167
0.158
0.168
0.165
0.163
