0.045
0.109
0.016
0.017
0.016
0.03
0.015
0.036
0.017
0.018
0.025
0.017
0.018
0.016
0.025
0.02
0.028
0.018
0.021
0.02
0.019
0.015
0.021
0.023
0.017
0.026
0.078
0.018
0.023
0.023
0.021
0.016
0.023
0.015
0.027
0.017
0.021
0.029
0.04
0.014
0.015
0.021
0.019
0.024
0.028
0.014
0.017
0.024
0.012
0.016
0.019
0.018
0.022
0.022
0.028
0.017
0.016
0.02
0.026
0.016
0.03
0.023
0.019
0.02
0.04
0.017
0.021
0.021
0.016
0.032
0.021
0.014
0.024
0.02
0.017
0.015
0.023
0.016
0.023
0.029
0.022
0.023
0.017
0.016
0.016
0.016
0.018
0.018
0.017
0.03
0.02
0.024
0.02
0.032
0.028
0.019
0.014
0.015
0.033
0.034
0.024
0.022
0.029
0.024
0.016
0.023
0.015
0.02
0.028
0.031
0.016
