0.029
0.016
0.015
0.021
0.023
0.011
0.021
0.026
0.028
0.012
0.022
0.016
0.014
0.024
0.02
0.021
0.016
0.015
0.012
0.011
0.018
0.021
0.027
0.017
0.014
0.016
0.017
0.014
0.013
0.015
0.017
0.019
0.017
0.017
0.015
0.022
0.012
0.016
0.016
0.015
0.017
0.016
0.022
0.015
0.013
0.014
0.019
0.014
0.015
0.017
0.018
0.024
0.011
0.016
0.02
0.018
0.02
0.017
0.015
0.011
0.016
0.012
0.011
0.019
0.029
0.036
0.019
0.018
0.014
0.037
0.021
0.011
0.01
0.02
0.015
0.025
0.012
0.029
0.02
0.024
0.029
0.021
0.022
0.016
0.017
0.037
0.016
0.022
0.014
0.017
0.023
0.016
0.016
0.016
0.016
0.014
0.017
0.013
0.014
0.019
0.014
0.015
0.019
