0.139
0.126
0.128
0.124
0.123
0.123
0.123
0.119
0.122
0.124
0.123
0.123
0.116
0.125
0.117
0.127
0.123
0.123
0.121
0.122
0.122
0.122
0.119
0.12
0.119
0.12
0.12
0.121
0.119
0.12
0.129
0.121
0.117
0.121
0.124
0.116
0.12
0.119
0.117
0.116
0.12
0.122
0.118
0.119
0.12
0.12
0.117
0.117
0.121
0.12
0.122
0.114
0.12
0.119
0.116
0.125
0.12
0.118
0.119
0.12
0.119
0.121
0.121
0.12
0.12
0.127
0.126
0.12
0.116
0.122
0.119
0.122
0.124
0.148
0.119
0.119
0.118
0.122
0.123
0.118
0.12
0.124
0.119
0.12
0.119
0.121
0.12
0.116
0.119
0.123
0.119
0.103
0.12
0.121
0.119
0.12
0.12
0.118
0.119
0.115
0.12
