0.029
0.018
0.04
0.017
0.016
0.012
0.013
0.012
0.015
0.01
0.021
0.018
0.016
0.009
0.021
0.015
0.015
0.014
0.023
0.012
0.016
0.014
0.012
0.037
0.011
0.013
0.012
0.01
0.008
0.013
0.02
0.014
0.014
0.02
0.013
0.011
0.015
0.021
0.01
0.02
0.014
0.015
0.014
0.01
0.03
0.014
0.012
0.023
0.012
0.008
0.012
0.017
0.011
0.013
0.009
0.014
0.013
0.019
0.009
0.011
0.009
0.018
0.017
0.016
0.014
0.02
0.036
0.011
0.021
0.013
0.013
0.015
0.022
0.01
0.011
0.01
0.013
0.014
0.011
0.034
0.011
0.032
0.013
0.017
0.012
0.013
0.019
0.032
0.016
0.015
0.016
0.018
0.009
0.019
0.009
0.018
0.011
0.016
0.009
0.011
