0.022
0.017
0.014
0.012
0.014
0.014
0.01
0.023
0.017
0.018
0.015
0.029
0.01
0.018
0.015
0.027
0.023
0.012
0.012
0.021
0.013
0.013
0.011
0.018
0.011
0.01
0.016
0.012
0.014
0.01
0.018
0.017
0.011
0.012
0.016
0.01
0.02
0.013
0.017
0.012
0.012
0.017
0.012
0.009
0.016
0.009
0.01
0.013
0.013
0.01
0.015
0.015
0.017
0.017
0.021
0.01
0.011
0.011
0.029
0.015
0.017
0.018
0.014
0.023
0.012
0.018
0.009
0.01
0.018
0.019
0.023
0.016
0.013
0.012
0.011
0.011
0.013
0.019
0.022
0.02
0.013
0.015
0.013
0.013
0.011
0.013
0.011
0.015
0.029
0.013
0.017
0.013
0.02
0.014
0.01
0.014
0.009
0.01
0.018
0.014
