0.3
0.132
0.125
0.131
0.123
0.118
0.118
0.122
0.122
0.122
0.118
0.116
0.122
0.121
0.12
0.123
0.12
0.122
0.123
0.125
0.127
0.122
0.118
0.119
0.12
0.118
0.123
0.122
0.123
0.122
0.122
0.119
0.122
0.125
0.117
0.117
0.119
0.123
0.122
0.117
0.111
0.121
0.12
0.12
0.127
0.127
0.127
0.124
0.122
0.121
0.12
0.12
0.122
0.118
0.12
0.121
0.123
0.118
0.122
0.122
0.116
0.123
0.121
0.124
0.117
0.126
0.122
0.12
0.121
0.128
0.127
0.12
0.123
0.122
0.13
0.122
0.122
0.124
0.12
0.125
0.122
0.122
0.122
0.119
0.124
0.123
0.123
0.126
0.12
0.123
0.119
0.12
0.125
0.125
0.121
0.127
0.125
0.123
0.122
0.125
0.121
0.12
0.124
0.124
0.123
0.122
0.125
0.12
0.123
0.123
0.116
0.123
0.121
0.121
0.126
0.128
0.122
0.122
0.121
0.123
0.124
0.118
0.12
0.121
0.123
0.12
0.123
0.123
0.123
0.123
0.12
0.122
0.123
0.126
0.12
0.124
0.122
0.124
0.128
0.126
0.128
0.128
0.124
0.128
0.125
0.122
0.123
0.128
0.126
0.129
0.124
0.121
0.127
0.126
0.126
0.126
0.121
0.127
0.13
