0.034
0.022
0.021
0.013
0.016
0.014
0.017
0.024
0.021
0.013
0.025
0.026
0.015
0.03
0.017
0.024
0.027
0.02
0.017
0.02
0.017
0.026
0.019
0.037
0.021
0.02
0.014
0.013
0.023
0.017
0.017
0.016
0.029
0.021
0.014
0.014
0.027
0.016
0.019
0.015
0.013
0.024
0.016
0.016
0.018
0.018
0.04
0.025
0.018
0.014
0.018
0.023
0.017
0.014
0.026
0.023
0.018
0.012
0.019
0.025
0.014
0.019
0.016
0.03
0.012
0.015
0.013
0.019
0.012
0.015
0.014
0.018
0.013
0.014
0.026
0.022
0.033
0.031
0.02
0.023
0.02
0.014
0.016
0.019
0.013
0.039
0.016
0.023
0.023
0.024
0.027
0.076
0.026
0.018
0.019
0.018
0.018
0.019
0.044
0.02
0.016
0.024
