0.143
0.126
0.13
0.118
0.122
0.126
0.117
0.125
0.116
0.123
0.122
0.117
0.116
0.122
0.122
0.126
0.118
0.119
0.122
0.119
0.118
0.12
0.117
0.119
0.12
0.123
0.12
0.119
0.125
0.138
0.119
0.12
0.114
0.118
0.121
0.12
0.116
0.119
0.12
0.119
0.117
0.12
0.114
0.119
0.118
0.119
0.12
0.12
0.117
0.121
0.121
0.12
0.118
0.122
0.121
0.123
0.121
0.12
0.125
0.12
0.114
0.119
0.119
0.119
0.131
0.116
0.118
0.12
0.12
0.119
0.118
0.116
0.119
0.12
0.121
0.12
0.119
0.119
0.121
0.12
0.118
0.116
0.115
0.119
0.115
0.122
0.115
0.12
0.122
0.118
0.119
0.117
0.119
0.111
0.119
0.12
0.116
0.115
0.119
0.114
0.109
0.12
