0.069
0.106
0.067
0.085
0.087
0.096
0.101
0.114
0.096
0.091
0.071
0.096
0.061
0.08
0.098
0.063
0.098
0.097
0.114
0.083
0.102
0.099
0.059
0.055
0.055
0.097
0.068
0.096
0.096
0.086
0.064
0.062
0.094
0.078
0.085
0.084
0.09
0.069
0.086
0.094
0.088
0.087
0.106
0.096
0.083
0.066
0.101
0.061
0.061
0.066
0.06
0.076
0.099
0.098
0.061
0.068
0.058
0.097
0.081
0.064
0.1
0.097
0.098
0.064
0.105
0.102
0.069
0.078
0.092
0.092
0.095
0.093
0.096
0.065
0.085
0.08
0.065
0.066
0.085
0.108
0.083
0.068
0.062
0.061
0.097
0.078
0.102
0.082
0.083
0.071
0.073
0.098
0.067
0.062
0.069
0.104
0.111
0.057
0.077
0.059
0.099
0.108
0.068
0.07
0.056
0.088
0.074
0.107
0.103
0.088
0.095
0.103
0.095
0.061
0.063
0.078
0.071
0.068
0.066
0.088
0.089
0.063
0.058
0.06
0.078
0.098
0.063
0.096
0.072
0.072
0.062
0.098
0.088
0.068
0.092
0.098
0.105
0.068
0.084
0.09
0.075
0.074
0.066
0.107
0.064
0.071
0.077
0.076
0.07
0.094
0.087
0.098
0.093
0.082
0.065
0.089
0.102
0.072
0.071
0.069
0.074
0.08
0.083
0.081
0.079
0.1
0.07
0.072
0.075
0.065
0.07
0.069
0.099
0.077
0.072
0.066
0.099
0.076
0.098
0.074
0.074
0.097
0.065
0.1
0.065
0.096
0.103
0.105
0.069
0.07
0.093
