0.104
0.092
0.281
0.086
0.062
0.098
0.099
0.096
0.056
0.093
0.084
0.099
0.311
0.079
0.061
0.245
0.056
0.093
0.098
0.061
0.081
0.058
0.059
0.069
0.087
0.082
0.103
0.063
0.056
0.094
0.078
0.28
0.079
0.062
0.058
0.091
0.067
0.058
0.071
0.057
0.064
0.072
0.095
0.091
0.091
0.067
0.058
0.095
0.081
0.084
0.053
0.093
0.055
0.048
0.065
0.069
0.09
0.055
0.06
0.054
0.069
0.06
0.052
0.102
0.096
0.076
0.092
0.08
0.092
0.33
0.075
0.054
0.081
0.064
0.062
0.058
0.1
0.104
0.061
0.056
0.068
0.09
0.287
0.065
0.09
0.109
0.054
0.062
0.055
0.064
0.058
0.289
0.091
0.072
0.064
0.059
0.087
0.055
0.059
0.062
0.085
