0.024
0.046
0.036
0.041
0.041
0.047
0.031
0.041
0.042
0.047
0.066
0.028
0.029
0.053
0.068
0.051
0.037
0.029
0.046
0.041
0.037
0.032
0.038
0.033
0.058
0.043
0.042
0.042
0.039
0.05
0.044
0.036
0.057
0.036
0.052
0.024
0.047
0.038
0.028
0.038
0.039
0.043
0.041
0.038
0.034
0.032
0.033
0.027
0.042
0.052
0.044
0.032
0.021
0.046
0.044
0.041
0.04
0.023
0.033
0.029
0.039
0.034
0.044
0.04
0.037
0.03
0.048
0.033
0.042
0.026
0.048
0.047
0.037
0.036
0.042
0.036
0.037
0.038
0.044
0.027
0.032
0.032
0.037
0.036
0.048
0.042
0.048
0.047
0.034
0.031
0.055
0.04
0.028
0.039
0.035
0.026
0.042
0.025
0.026
0.031
0.046
