0.028
0.027
0.022
0.027
0.018
0.012
0.013
0.013
0.017
0.017
0.022
0.018
0.013
0.016
0.025
0.014
0.013
0.011
0.017
0.014
0.015
0.014
0.02
0.017
0.018
0.018
0.018
0.022
0.035
0.018
0.028
0.019
0.017
0.024
0.019
0.022
0.019
0.015
0.021
0.02
0.018
0.013
0.015
0.013
0.026
0.016
0.052
0.028
0.017
0.021
0.018
0.018
0.014
0.02
0.019
0.021
0.017
0.021
0.025
0.017
0.021
0.018
0.047
0.017
0.031
0.02
0.029
0.017
0.018
0.02
0.019
0.017
0.022
0.016
0.017
0.012
0.014
0.017
0.014
0.015
0.029
0.017
0.025
0.019
0.018
0.017
0.016
0.021
0.018
0.019
0.014
0.019
0.023
0.019
0.02
0.018
0.013
0.014
0.018
0.03
0.024
0.018
0.016
0.015
0.022
0.03
0.018
0.016
