0.194
0.174
0.175
0.158
0.16
0.161
0.16
0.189
0.169
0.167
0.159
0.159
0.164
0.162
0.156
0.166
0.161
0.165
0.159
0.163
0.155
0.164
0.158
0.161
0.161
0.165
0.166
0.169
0.155
0.163
0.156
0.159
0.165
0.164
0.153
0.164
0.171
0.162
0.161
0.164
0.159
0.161
0.188
0.156
0.168
0.159
0.166
0.159
0.161
0.159
0.159
0.159
0.159
0.158
0.166
0.166
0.156
0.165
0.16
0.168
0.161
0.161
0.17
0.176
0.159
0.166
0.174
0.162
0.163
0.161
0.157
0.17
0.16
0.16
0.161
0.165
0.164
0.165
0.168
0.163
0.162
0.159
0.165
0.165
0.161
0.162
0.162
0.16
0.158
0.165
0.169
0.167
0.171
0.146
0.16
0.149
0.156
0.158
0.166
0.162
0.164
0.163
0.159
0.169
0.183
0.164
0.156
0.163
0.173
0.156
