0.035
0.026
0.013
0.023
0.017
0.015
0.019
0.011
0.017
0.012
0.02
0.013
0.015
0.025
0.026
0.019
0.025
0.021
0.026
0.013
0.022
0.02
0.015
0.019
0.02
0.017
0.024
0.019
0.014
0.021
0.013
0.014
0.013
0.016
0.017
0.014
0.014
0.014
0.012
0.016
0.022
0.02
0.022
0.017
0.015
0.033
0.021
0.019
0.014
0.046
0.011
0.016
0.018
0.036
0.013
0.015
0.012
0.015
0.027
0.016
0.014
0.02
0.023
0.024
0.021
0.014
0.021
0.025
0.016
0.014
0.013
0.012
0.018
0.011
0.015
0.019
0.015
0.017
0.019
0.018
0.012
0.016
0.01
0.014
0.019
0.021
0.027
0.024
0.049
0.034
0.02
0.012
0.019
0.018
0.055
0.023
0.023
0.023
0.02
0.021
