0.192
0.171
0.166
0.179
0.172
0.164
0.159
0.166
0.166
0.167
0.167
0.157
0.174
0.162
0.161
0.161
0.163
0.158
0.171
0.172
0.158
0.173
0.155
0.17
0.174
0.162
0.161
0.175
0.138
0.174
0.162
0.169
0.163
0.164
0.182
0.161
0.166
0.43
0.166
0.16
0.164
0.162
0.42
0.164
0.163
0.16
0.165
0.162
0.163
0.164
0.161
0.158
0.167
0.164
0.17
0.168
0.162
0.164
0.171
0.163
0.166
0.161
0.166
0.166
0.18
0.168
0.162
0.176
0.168
0.168
0.163
0.161
0.16
0.156
0.165
0.161
0.173
0.159
0.162
0.167
0.162
0.395
0.164
0.163
0.141
0.171
0.16
0.164
0.163
0.159
0.16
0.17
0.163
0.158
0.453
0.173
0.162
0.174
0.16
0.163
0.167
0.167
