0.128
0.118
0.122
0.12
0.121
0.118
0.12
0.119
0.116
0.115
0.118
0.118
0.118
0.119
0.123
0.119
0.123
0.115
0.08
0.119
0.118
0.123
0.117
0.119
0.115
0.119
0.08
0.118
0.119
0.119
0.117
0.121
0.115
0.12
0.117
0.12
0.119
0.12
0.12
0.117
0.12
0.116
0.115
0.118
0.12
0.12
0.113
0.122
0.117
0.119
0.118
0.118
0.121
0.12
0.122
0.12
0.119
0.12
0.119
0.119
0.08
0.119
0.118
0.121
0.122
0.117
0.115
0.118
0.119
0.114
0.119
0.117
0.12
0.122
0.113
0.12
0.132
0.116
0.12
0.12
0.117
0.122
0.114
0.118
0.115
0.117
0.119
0.121
0.121
0.118
0.118
0.117
0.119
0.119
0.121
0.115
0.12
0.115
0.115
0.119
0.115
