0.138
0.116
0.127
0.118
0.12
0.121
0.117
0.117
0.124
0.121
0.119
0.122
0.124
0.122
0.116
0.117
0.117
0.122
0.111
0.117
0.121
0.12
0.12
0.12
0.081
0.119
0.119
0.117
0.117
0.118
0.083
0.12
0.118
0.12
0.114
0.12
0.12
0.119
0.121
0.12
0.122
0.115
0.125
0.117
0.12
0.121
0.12
0.12
0.129
0.121
0.116
0.12
0.119
0.119
0.12
0.122
0.117
0.121
0.12
0.121
0.111
0.119
0.118
0.121
0.124
0.123
0.12
0.118
0.119
0.117
0.121
0.12
0.121
0.115
0.12
0.119
0.121
0.124
0.12
0.118
0.12
0.121
0.115
0.119
0.115
0.12
0.12
0.12
0.122
0.112
0.122
0.12
0.12
0.12
0.12
0.118
0.12
0.116
0.09
0.119
