0.139
0.154
0.123
0.119
0.117
0.084
0.121
0.12
0.117
0.12
0.12
0.117
0.116
0.121
0.116
0.12
0.118
0.115
0.12
0.115
0.108
0.118
0.116
0.119
0.119
0.122
0.117
0.119
0.118
0.127
0.121
0.119
0.121
0.12
0.12
0.121
0.121
0.119
0.116
0.122
0.115
0.122
0.121
0.12
0.122
0.118
0.123
0.118
0.121
0.121
0.122
0.119
0.122
0.123
0.12
0.12
0.119
0.113
0.116
0.122
0.116
0.121
0.121
0.127
0.123
0.121
0.115
0.117
0.123
0.118
0.121
0.123
0.122
0.128
0.118
0.119
0.122
0.116
0.115
0.119
0.12
0.121
0.12
0.119
0.118
0.117
0.118
0.115
0.117
0.121
0.121
0.121
0.119
0.105
0.118
0.117
0.118
0.12
0.125
0.119
0.12
