0.124
0.116
0.123
0.118
0.12
0.118
0.119
0.119
0.118
0.118
0.12
0.121
0.116
0.118
0.149
0.088
0.122
0.122
0.118
0.121
0.118
0.121
0.119
0.12
0.12
0.117
0.103
0.119
0.12
0.118
0.115
0.119
0.121
0.113
0.123
0.121
0.079
0.122
0.12
0.119
0.116
0.12
0.114
0.117
0.122
0.117
0.119
0.117
0.12
0.118
0.119
0.115
0.111
0.122
0.12
0.117
0.117
0.119
0.119
0.121
0.11
0.118
0.121
0.119
0.125
0.118
0.116
0.117
0.119
0.115
0.118
0.119
0.117
0.116
0.115
0.118
0.119
0.117
0.115
0.119
0.12
0.119
0.119
0.119
0.115
0.117
0.118
0.121
0.118
0.12
0.121
0.116
0.114
0.121
0.119
0.114
0.12
0.12
0.116
0.119
0.114
