0.054
0.049
0.053
0.042
0.059
0.057
0.039
0.037
0.043
0.031
0.032
0.034
0.045
0.054
0.043
0.052
0.054
0.032
0.035
0.034
0.045
0.062
0.049
0.046
0.033
0.053
0.032
0.054
0.047
0.057
0.032
0.029
0.043
0.048
0.031
0.046
0.03
0.039
0.032
0.041
0.034
0.054
0.041
0.058
0.076
0.045
0.055
0.039
0.043
0.035
0.042
0.038
0.042
0.039
0.042
0.05
0.037
0.043
0.044
0.045
0.033
0.044
0.034
0.034
0.037
0.036
0.047
0.031
0.059
0.052
0.044
0.036
0.054
0.049
0.043
0.043
0.051
0.027
0.035
0.033
0.034
0.036
0.028
0.047
0.035
0.04
0.044
0.047
0.042
0.039
0.033
0.053
0.048
0.046
0.044
0.058
0.035
0.034
0.034
0.038
0.042
0.038
0.046
