0.03
0.065
0.089
0.057
0.088
0.057
0.061
0.078
0.067
0.096
0.054
0.065
0.057
0.067
0.064
0.068
0.07
0.051
0.098
0.092
0.056
0.055
0.088
0.09
0.098
0.055
0.058
0.062
0.053
0.078
0.058
0.065
0.064
0.057
0.053
0.099
0.082
0.092
0.063
0.088
0.087
0.072
0.054
0.08
0.061
0.093
0.081
0.082
0.059
0.057
0.089
0.085
0.082
0.065
0.062
0.083
0.075
0.076
0.081
0.087
0.054
0.079
0.072
0.078
0.104
0.098
0.081
0.06
0.056
0.068
0.056
0.072
0.055
0.105
0.085
0.053
0.062
0.065
0.097
0.096
0.07
0.094
0.058
0.09
0.084
0.075
0.087
0.092
0.062
0.093
0.093
0.091
0.058
0.058
0.062
0.088
0.054
0.056
0.082
0.084
0.082
0.077
0.084
0.049
0.092
0.06
