0.027
0.015
0.019
0.023
0.011
0.014
0.018
0.014
0.034
0.013
0.016
0.013
0.012
0.021
0.014
0.016
0.023
0.012
0.027
0.013
0.02
0.013
0.011
0.016
0.012
0.019
0.018
0.01
0.016
0.025
0.016
0.021
0.02
0.012
0.015
0.014
0.01
0.016
0.016
0.011
0.012
0.022
0.013
0.014
0.015
0.018
0.018
0.016
0.016
0.011
0.013
0.016
0.015
0.01
0.012
0.018
0.011
0.013
0.016
0.014
0.02
0.014
0.017
0.025
0.014
0.026
0.014
0.043
0.019
0.012
0.018
0.012
0.015
0.02
0.018
0.015
0.019
0.012
0.017
0.017
0.024
0.012
0.015
0.013
0.013
0.028
0.02
0.016
0.013
0.013
0.01
0.011
0.046
0.012
0.017
0.024
0.019
0.015
0.013
0.012
0.012
