0.127
0.122
0.124
0.122
0.117
0.119
0.119
0.118
0.118
0.121
0.119
0.116
0.12
0.12
0.117
0.118
0.121
0.117
0.115
0.121
0.117
0.117
0.121
0.12
0.113
0.119
0.117
0.12
0.12
0.121
0.119
0.115
0.119
0.118
0.119
0.119
0.118
0.12
0.125
0.118
0.119
0.12
0.119
0.118
0.118
0.12
0.119
0.117
0.121
0.118
0.12
0.123
0.118
0.119
0.117
0.12
0.121
0.115
0.119
0.119
0.117
0.122
0.12
0.119
0.118
0.123
0.121
0.117
0.119
0.113
0.114
0.118
0.118
0.12
0.117
0.119
0.113
0.119
0.114
0.119
0.12
0.116
0.118
0.118
0.113
0.118
0.119
0.115
0.116
0.117
0.12
0.12
0.114
0.118
0.117
0.12
0.118
0.117
0.116
0.113
0.119
0.116
