0.044
0.029
0.036
0.054
0.035
0.047
0.049
0.048
0.047
0.056
0.057
0.038
0.049
0.066
0.028
0.043
0.029
0.049
0.03
0.038
0.045
0.042
0.045
0.047
0.028
0.032
0.03
0.029
0.032
0.049
0.049
0.032
0.035
0.027
0.038
0.051
0.035
0.052
0.04
0.038
0.035
0.034
0.034
0.028
0.051
0.047
0.034
0.038
0.035
0.046
0.029
0.037
0.042
0.039
0.054
0.051
0.031
0.03
0.036
0.044
0.043
0.027
0.045
0.05
0.05
0.029
0.048
0.03
0.035
0.05
0.046
0.049
0.035
0.029
0.047
0.049
0.049
0.037
0.055
0.03
0.028
0.026
0.037
0.05
0.046
0.047
0.035
0.031
0.047
0.031
0.051
0.051
0.038
0.027
0.042
0.051
0.036
0.035
0.033
0.04
0.046
0.031
0.063
0.044
0.027
