0.034
0.013
0.023
0.017
0.013
0.013
0.029
0.018
0.015
0.012
0.013
0.019
0.023
0.014
0.021
0.031
0.015
0.011
0.02
0.029
0.017
0.019
0.022
0.011
0.019
0.017
0.017
0.015
0.014
0.015
0.016
0.015
0.014
0.015
0.013
0.016
0.023
0.016
0.01
0.018
0.015
0.029
0.017
0.014
0.019
0.017
0.019
0.013
0.019
0.015
0.016
0.025
0.016
0.018
0.015
0.012
0.02
0.025
0.011
0.016
0.018
0.02
0.01
0.024
0.02
0.023
0.018
0.014
0.022
0.026
0.015
0.019
0.012
0.009
0.015
0.012
0.014
0.013
0.017
0.021
0.025
0.013
0.023
0.016
0.03
0.018
0.016
0.016
0.013
0.018
0.019
0.018
0.02
0.015
0.014
0.02
0.016
0.019
0.014
0.014
0.016
