0.027
0.018
0.023
0.015
0.032
0.015
0.014
0.017
0.017
0.016
0.01
0.01
0.014
0.023
0.019
0.031
0.014
0.014
0.011
0.011
0.015
0.016
0.013
0.018
0.018
0.01
0.02
0.013
0.013
0.02
0.01
0.012
0.022
0.018
0.012
0.013
0.016
0.015
0.017
0.02
0.019
0.013
0.019
0.01
0.012
0.024
0.02
0.026
0.015
0.012
0.014
0.013
0.017
0.021
0.016
0.018
0.012
0.026
0.013
0.023
0.012
0.014
0.021
0.012
0.013
0.029
0.02
0.02
0.011
0.015
0.018
0.024
0.016
0.013
0.01
0.014
0.026
0.014
0.062
0.019
0.021
0.016
0.013
0.014
0.011
0.012
0.009
0.013
0.01
0.015
0.012
0.017
0.016
0.012
0.027
0.014
0.014
0.013
0.021
0.009
0.011
