0.838
0.852
0.744
0.947
1.021
0.85
0.872
0.871
0.841
0.886
0.933
0.711
1.475
0.667
1.019
0.947
0.739
0.746
0.865
0.777
0.72
0.76
0.812
0.836
0.788
0.932
0.857
0.761
0.849
0.807
0.829
0.844
0.787
1.182
0.749
0.925
0.733
0.784
0.938
0.792
0.758
0.983
0.955
0.695
0.842
0.825
0.828
0.836
0.83
0.737
0.871
1.124
0.741
0.909
0.882
0.911
0.991
1.086
0.821
0.735
0.74
0.862
1.252
0.739
0.874
0.83
1.304
0.93
0.856
0.805
0.737
1.164
0.878
0.824
0.868
1.113
0.872
0.774
0.901
0.777
0.703
0.824
1.346
0.798
0.928
0.905
0.75
0.942
0.86
0.693
0.693
0.804
0.838
0.953
0.946
0.947
0.824
0.916
0.923
0.818
0.845
0.831
0.857
