0.061
0.057
0.061
0.07
0.071
0.059
0.051
0.06
0.055
0.053
0.055
0.071
0.055
0.055
0.052
0.063
0.048
0.072
0.063
0.062
0.067
0.063
0.074
0.067
0.069
0.063
0.056
0.065
0.062
0.06
0.074
0.083
0.058
0.058
0.064
0.077
0.058
0.062
0.053
0.064
0.066
0.069
0.084
0.07
0.071
0.07
0.064
0.069
0.051
0.06
0.058
0.061
0.066
0.067
0.056
0.072
0.064
0.066
0.06
0.074
0.092
0.077
0.073
0.078
0.081
0.064
0.069
0.051
0.053
0.062
0.072
0.078
0.063
0.06
0.065
0.069
0.064
0.064
0.053
0.056
0.077
0.074
0.069
0.057
0.063
0.052
0.054
0.074
0.065
0.066
0.068
0.059
0.058
0.079
0.046
0.055
0.078
0.08
0.084
0.061
0.056
