0.094
0.116
0.088
0.135
0.075
0.136
0.079
0.088
0.133
0.097
0.102
0.077
0.115
0.153
0.107
0.094
0.106
0.122
0.151
0.109
0.08
0.096
0.111
0.114
0.091
0.111
0.109
0.109
0.104
0.112
0.095
0.113
0.106
0.145
0.116
0.106
0.107
0.208
0.116
0.12
0.105
0.098
0.115
0.123
0.097
0.106
0.135
0.12
0.133
0.111
0.107
0.104
0.132
0.11
0.092
0.157
0.1
0.141
0.108
0.152
0.088
0.14
0.113
0.106
0.115
0.104
0.106
0.099
0.107
0.083
0.095
0.129
0.107
0.106
0.14
0.099
0.137
0.116
0.113
0.098
0.1
0.12
0.147
0.118
0.133
0.094
0.145
0.109
0.091
0.11
0.117
0.099
0.114
0.109
0.095
0.123
0.098
0.091
0.094
0.104
0.104
0.12
0.101
0.113
0.107
0.139
0.117
0.095
0.099
0.129
0.094
0.103
0.11
0.15
0.092
0.125
0.087
0.103
0.105
0.1
0.092
0.094
0.107
0.092
0.11
0.097
0.093
0.106
0.108
0.094
0.102
0.12
0.107
