1.324
1.09
1.259
1.147
1.213
1.454
1.171
1.391
1.239
1.533
1.517
1.242
1.344
1.214
1.289
1.297
1.347
1.399
1.178
1.139
1.426
1.13
1.137
1.089
1.306
1.05
1.386
1.373
1.209
1.069
1.541
1.128
1.134
1.1
1.183
1.172
1.072
1.265
1.219
1.07
1.086
1.391
1.294
1.157
1.273
1.274
1.11
1.243
1.396
1.157
1.06
1.212
1.389
1.04
1.269
1.064
1.138
1.195
1.313
1.132
1.215
1.125
1.151
1.356
1.212
0.997
1.169
1.161
0.912
1.078
1.181
1.121
1.2
1.329
1.106
1.142
1.161
1.098
1.135
1.69
1.135
1.17
1.111
1.096
1.359
1.277
1.231
1.275
1.169
1.119
1.152
1.413
1.424
1.281
1.107
1.639
1.134
1.2
1.134
1.122
1.495
1.386
