0.469
0.425
0.401
0.576
0.422
0.407
0.459
0.373
0.4
0.378
0.498
0.423
0.468
0.569
0.543
0.509
0.419
0.545
0.502
0.425
0.51
0.374
0.356
0.396
0.478
0.443
0.441
0.413
0.769
0.424
0.485
0.405
0.503
0.437
0.444
0.464
0.451
0.424
0.627
0.394
0.406
0.563
0.431
0.466
0.465
0.739
0.636
0.443
0.42
0.49
0.362
0.39
0.506
0.385
0.391
0.7
0.423
0.389
0.437
0.458
0.44
0.509
0.395
0.588
0.47
0.41
0.459
0.667
0.518
0.434
0.605
0.446
0.438
0.373
0.442
0.525
0.445
0.46
0.705
0.482
0.373
0.399
0.541
0.412
0.373
0.4
0.586
0.489
0.413
0.356
0.516
0.384
0.455
0.623
0.444
0.441
0.531
0.445
0.42
0.466
0.374
0.557
0.418
0.385
0.458
0.518
0.423
0.414
0.399
0.402
0.51
0.468
0.55
0.543
0.405
0.401
0.56
0.447
0.553
0.487
0.451
0.477
0.382
0.516
0.689
0.377
0.438
0.408
0.522
0.381
0.575
0.385
0.39
0.435
0.739
0.382
0.418
0.635
0.395
0.506
0.438
0.659
0.392
0.38
0.417
0.685
0.393
0.458
0.389
0.361
