0.961
0.896
0.819
0.881
0.852
0.846
0.826
0.797
0.852
0.896
0.812
0.774
0.818
0.821
0.804
0.853
0.87
0.834
0.772
0.914
0.919
0.852
0.937
0.869
0.896
0.9
0.915
0.961
0.962
0.858
0.993
0.923
0.98
0.964
0.915
1
1.021
0.963
1.27
1.065
1.094
1.022
1.141
1.075
1.196
1.046
1.195
0.984
1.06
1.079
1.24
1.148
1.167
1.155
1.262
1.117
1.275
1.04
1.317
1.181
1.243
1.145
1.189
1.249
1.344
1.111
1.239
1.25
1.203
1
1.179
1.147
1.214
1.189
1.22
1.184
1.186
1.172
1.261
1.184
1.285
1.203
1.288
1.083
1.32
1.283
1.273
1.247
1.302
1.234
1.221
1.307
1.372
1.388
1.271
1.338
1.291
1.302
1.282
1.408
1.338
