1.96
1.724
1.608
1.869
1.712
1.711
1.946
1.594
1.674
1.616
1.858
1.663
1.72
1.853
1.831
1.729
1.781
1.897
1.721
1.739
1.882
1.77
1.807
1.816
1.853
1.849
1.753
1.776
2.063
1.845
2.117
2.018
2.075
2.045
1.949
2.037
2.081
1.94
2.265
2.086
2.239
2.544
2.015
2.153
2.053
2.496
2.218
2.181
2.066
2.126
2.194
2.118
2.177
2.269
2.18
2.337
2.085
2.213
2.051
2.074
2.083
2.256
2.157
2.35
2.333
2.276
2.21
2.396
2.378
2.193
2.69
2.163
2.287
2.116
2.14
2.364
2.309
2.103
2.594
2.33
2.265
2.156
2.337
2.295
2.29
2.357
2.576
2.345
2.229
2.373
2.503
2.202
2.377
2.511
2.392
2.38
2.406
2.351
2.558
2.472
2.359
2.685
2.361
2.3
2.572
2.653
2.394
2.463
2.398
2.491
2.658
2.505
2.696
2.561
2.273
2.484
2.857
2.536
2.82
2.614
2.424
2.709
2.576
2.945
2.898
2.395
2.891
2.506
2.893
2.477
2.607
2.692
2.575
2.571
2.941
2.55
2.579
2.822
2.625
2.917
2.521
2.912
2.581
2.516
2.547
2.938
2.511
2.642
2.764
2.594
