1.075
0.976
0.977
0.942
0.832
0.925
0.863
0.925
0.987
0.92
0.863
0.893
0.919
0.97
0.951
0.898
0.892
0.928
0.986
0.973
1.033
1.141
1.039
0.949
0.99
1.048
0.978
0.998
0.979
1.009
1.063
1.023
1.17
1.055
1.203
1.018
1.089
1.181
1.147
1.007
1.134
1.155
1.151
1.372
1.071
1.182
1.139
1.246
1.321
1.232
1.279
1.164
1.275
1.276
1.232
1.246
1.297
1.141
1.24
1.27
1.323
1.314
1.269
1.257
1.217
1.293
1.361
1.283
1.288
1.333
1.274
1.306
1.213
1.276
1.238
1.39
1.236
1.387
1.235
1.323
1.521
1.434
1.484
1.292
1.418
1.37
1.541
1.324
1.335
1.396
1.372
1.609
1.327
1.42
1.405
1.488
1.369
1.413
1.636
1.422
1.485
1.458
1.578
1.436
1.566
1.465
1.512
1.535
1.488
1.56
1.519
1.677
1.463
1.724
1.594
1.598
1.555
1.599
1.585
1.532
1.515
1.611
1.7
1.687
1.704
1.782
1.6
1.679
1.574
1.778
1.626
1.643
1.61
