3.699
3.296
3.478
3.532
3.467
3.848
3.351
3.71
3.363
3.684
3.721
3.683
3.755
3.863
3.602
3.64
3.589
3.645
3.327
3.488
3.648
3.357
3.409
3.411
3.735
3.534
3.824
3.979
3.621
4.083
3.928
3.681
4.02
3.394
4.132
3.627
4
3.755
3.447
3.69
3.719
3.837
3.788
3.629
4.039
3.702
3.638
3.6
3.86
4.141
4.184
3.843
3.878
3.7
3.77
3.513
3.538
3.566
4.177
3.636
3.897
3.814
3.732
3.753
3.729
3.42
3.697
3.755
3.766
3.696
4.062
3.969
3.84
3.891
4.121
3.773
3.764
4.077
3.769
4.333
3.758
3.961
3.729
4.056
4.121
4.172
3.864
3.979
4.062
4.007
4.06
4.186
4.208
4.056
4.035
4.457
3.912
4.389
4.016
4.141
4.311
4.326
