2.829
2.516
2.572
2.923
2.636
2.579
2.77
2.628
2.805
2.623
2.711
2.482
3.336
2.461
2.767
2.653
2.625
2.641
2.653
3.174
2.587
2.582
2.663
2.662
2.863
2.798
2.78
2.61
2.557
2.69
2.913
2.8
2.724
3.384
2.898
2.907
2.851
2.808
2.927
2.807
3.105
3.019
3.162
2.901
3.117
3.048
3.05
2.809
3.01
2.96
2.889
3.192
2.949
2.817
3.039
3.071
3.053
3.291
3.072
2.988
2.754
2.931
3.283
2.942
2.883
3.036
3.492
3.053
3.24
3.064
2.771
3.445
3.102
3.011
3.127
3.321
3.055
3.011
3.014
3.002
2.868
3.073
3.546
2.839
3.325
3.03
2.996
3.183
3.341
3.158
3.122
3.12
3.224
3.449
3.17
3.244
3.14
3.38
3.556
3.308
3.236
3.546
3.262
