1.488
1.168
1.225
1.508
1.174
1.265
1.297
1.27
1.484
1.265
1.31
1.348
1.335
1.371
1.281
1.203
1.423
1.432
1.289
1.923
1.381
1.372
1.334
1.359
1.42
1.418
1.433
1.373
1.219
1.424
1.6
1.487
1.438
1.606
1.683
1.494
1.666
1.537
1.49
1.542
1.909
1.526
1.708
1.765
1.497
1.715
1.732
1.487
1.71
1.601
1.527
1.555
1.734
1.458
1.692
1.664
1.595
1.629
1.747
1.78
1.535
1.597
1.513
1.694
1.527
1.728
1.679
1.622
1.88
1.629
1.587
1.765
1.701
1.719
1.791
1.726
1.718
1.781
1.631
1.697
1.608
1.77
1.715
1.607
1.911
1.644
1.75
1.785
1.933
1.994
1.93
1.829
1.865
1.91
1.695
1.764
1.742
1.937
2.104
1.953
1.89
2.237
1.921
