0.844
0.699
0.743
0.684
0.628
0.641
0.636
0.719
0.72
0.718
0.635
0.691
0.648
0.671
0.701
0.63
0.657
0.665
0.689
0.734
0.809
0.923
0.8
0.636
0.762
0.789
0.734
0.751
0.714
0.773
0.822
0.73
0.898
0.745
0.927
0.77
0.852
0.852
0.833
0.743
0.907
0.943
0.898
1.081
0.813
0.928
0.87
0.995
1.024
0.925
1.044
0.905
0.947
1.025
1.011
0.926
1.078
0.858
1.013
0.928
1.121
1.004
1
1.037
0.933
1.042
1.115
1.035
1.059
1.126
1.039
1.053
0.951
1.035
0.959
1.134
0.945
1.1
0.989
1.037
1.275
1.185
1.141
0.952
1.141
1.124
1.242
1.05
1.121
1.161
1.101
1.351
1.087
1.155
1.181
1.194
1.126
1.202
1.406
1.16
1.251
1.161
1.347
1.173
1.333
1.18
1.263
1.295
1.238
1.311
1.256
1.432
1.209
1.389
1.347
1.32
1.312
1.362
1.343
1.309
1.256
1.377
1.453
1.434
1.413
1.528
1.359
1.438
1.347
1.546
1.373
1.384
1.361
