0.736
0.576
0.61
0.715
0.645
0.667
0.659
0.615
0.66
0.733
0.65
0.573
0.614
0.63
0.628
0.647
0.688
0.665
0.579
0.75
0.752
0.649
0.75
0.702
0.71
0.697
0.749
0.762
0.762
0.692
0.806
0.709
0.811
0.787
0.74
0.803
0.83
0.789
1.11
0.877
0.888
0.819
0.938
0.907
1.018
0.87
1.024
0.79
0.904
0.892
1.081
0.93
0.978
0.964
1.069
0.919
1.077
0.845
1.125
0.98
1.04
0.954
1.01
1.029
1.126
0.926
1.004
1.074
1.044
0.832
0.95
0.933
1.012
0.992
0.989
0.972
1.038
0.992
1.1
0.997
1.092
0.995
1.106
0.88
1.133
1.093
1.086
1.043
1.117
1.017
1.022
1.107
1.124
1.167
1.091
1.166
1.102
1.105
1.072
1.16
1.139
