1.688
1.579
1.559
1.758
1.622
1.759
1.605
1.658
1.449
1.57
1.603
1.807
1.748
2.023
1.655
1.745
1.581
1.652
1.543
1.715
1.629
1.633
1.646
1.712
1.717
1.855
1.784
1.927
1.786
1.906
1.714
1.787
1.778
1.668
1.95
1.796
1.82
1.867
1.605
2.005
2.043
1.824
1.835
1.789
2.095
1.74
1.921
1.714
1.816
2.358
1.851
1.891
1.881
1.969
1.857
1.783
1.762
1.677
1.923
1.873
2.028
2.021
1.924
1.755
1.908
1.764
1.891
1.933
2.223
2.007
2.202
2.118
2.011
1.868
1.977
2.001
1.965
2.318
2.026
1.938
1.952
2.078
1.954
2.213
2.079
2.288
2.023
2.05
2.267
2.225
2.162
2.004
1.978
2.072
2.252
2.189
2.121
2.567
2.224
2.333
2.177
2.235
