1.131
1.001
0.849
1.008
0.971
1.01
0.924
0.93
0.96
0.95
1.017
0.961
0.955
0.918
1.004
0.911
1.08
1.003
0.904
0.958
1.018
1.059
1.146
1.095
1.045
1.087
1.031
1.028
1.006
1.115
1.217
1.274
1.222
1.216
1.172
1.247
1.284
1.216
1.299
1.407
1.493
1.323
1.258
1.296
1.228
1.424
1.256
1.324
1.334
1.261
1.525
1.397
1.37
1.535
1.484
1.29
1.345
1.326
1.31
1.265
1.315
1.41
1.464
1.432
1.4
1.532
1.382
1.39
1.543
1.457
1.762
1.393
1.454
1.452
1.372
1.509
1.534
1.32
1.494
1.489
1.577
1.438
1.449
1.577
1.574
1.646
1.688
1.573
1.496
1.729
1.449
1.496
1.569
1.586
1.589
1.622
1.556
1.592
1.746
1.568
1.59
1.805
1.486
1.609
1.723
1.845
1.671
1.732
1.706
1.786
1.847
1.691
1.768
1.676
1.538
1.777
1.964
1.743
1.782
1.79
1.659
1.912
1.894
2.07
1.805
1.694
1.94
1.774
1.97
1.79
1.731
1.918
1.877
1.817
1.875
1.865
1.863
1.873
1.924
1.838
1.702
1.921
1.865
1.815
1.788
1.851
1.828
1.85
2
1.858
