0.031
0.019
0.013
0.021
0.024
0.013
0.015
0.02
0.013
0.013
0.023
0.014
0.017
0.014
0.016
0.015
0.022
0.013
0.012
0.014
0.013
0.015
0.016
0.012
0.013
0.018
0.013
0.014
0.02
0.019
0.013
0.016
0.017
0.014
0.015
0.016
0.016
0.016
0.013
0.014
0.015
0.014
0.019
0.02
0.015
0.016
0.013
0.02
0.014
0.012
0.018
0.014
0.012
0.016
0.014
0.014
0.015
0.019
0.026
0.013
0.014
0.016
0.012
0.026
0.016
0.02
0.014
0.013
0.024
0.018
0.014
0.021
0.017
0.025
0.015
0.015
0.013
0.013
0.012
0.021
0.014
0.015
0.016
0.015
0.015
0.014
0.013
0.013
0.014
0.014
0.022
0.014
0.015
0.015
0.014
0.018
0.015
0.016
0.013
0.014
0.014
