0.035
0.02
0.017
0.014
0.014
0.015
0.014
0.013
0.013
0.013
0.013
0.014
0.016
0.014
0.014
0.014
0.014
0.015
0.016
0.013
0.014
0.013
0.013
0.014
0.025
0.013
0.021
0.013
0.014
0.014
0.021
0.015
0.016
0.015
0.022
0.018
0.018
0.013
0.019
0.024
0.014
0.018
0.019
0.016
0.014
0.017
0.013
0.017
0.013
0.014
0.015
0.015
0.014
0.015
0.013
0.023
0.015
0.015
0.015
0.019
0.013
0.014
0.013
0.014
0.014
0.025
0.015
0.014
0.013
0.015
0.015
0.012
0.013
0.014
0.012
0.013
0.028
0.017
0.013
0.013
0.014
0.019
0.019
0.018
0.013
0.019
0.026
0.013
0.014
0.02
0.012
0.013
0.013
0.013
0.014
0.013
0.015
0.014
0.013
0.015
0.013
0.015
0.014
0.016
0.013
0.013
0.015
0.014
0.015
0.013
0.014
0.014
0.013
0.018
0.016
0.016
0.015
0.015
0.017
0.022
0.016
0.016
0.015
0.018
0.016
0.016
0.014
0.015
0.018
0.022
0.016
0.016
0.015
