0.035
0.02
0.019
0.014
0.013
0.015
0.014
0.013
0.014
0.018
0.018
0.015
0.013
0.017
0.014
0.017
0.014
0.021
0.017
0.022
0.019
0.018
0.014
0.014
0.015
0.014
0.014
0.014
0.012
0.016
0.015
0.014
0.016
0.017
0.017
0.014
0.014
0.015
0.016
0.013
0.016
0.021
0.017
0.022
0.017
0.014
0.014
0.014
0.013
0.017
0.021
0.015
0.014
0.014
0.02
0.017
0.013
0.016
0.014
0.015
0.014
0.014
0.014
0.021
0.013
0.016
0.015
0.02
0.018
0.017
0.015
0.015
0.013
0.013
0.014
0.018
0.016
0.014
0.016
0.016
0.013
0.014
0.015
0.014
0.013
0.016
0.014
0.015
0.015
0.017
0.016
0.018
0.017
0.017
0.017
0.016
0.016
0.016
0.018
0.031
0.017
0.02
0.016
0.016
0.016
0.016
0.016
0.02
0.018
0.026
0.017
0.018
0.019
0.018
0.016
0.015
0.017
0.017
0.015
0.015
0.018
0.016
0.015
0.016
0.016
0.018
0.017
0.021
0.017
0.02
0.016
0.019
0.016
0.017
0.02
0.018
0.018
0.017
0.021
0.018
0.02
0.018
0.021
0.018
0.019
0.02
0.017
0.017
0.018
0.025
