0.868
0.857
0.904
0.818
1.033
0.889
0.953
0.902
0.869
1.111
0.918
0.868
0.846
0.862
0.775
0.84
0.773
0.976
0.72
0.736
0.784
0.844
0.706
0.716
0.766
0.958
0.876
0.802
1.17
1.098
0.859
1.293
0.76
0.8
0.608
0.852
0.799
0.903
0.87
0.753
0.9
0.756
0.754
0.808
1
0.919
0.912
0.709
0.918
0.933
0.88
0.814
0.883
0.85
0.865
0.735
0.798
0.796
0.797
0.768
0.799
0.902
0.759
0.862
0.748
1.343
1.083
0.907
0.819
0.733
0.824
1.104
0.909
1.107
0.791
0.847
1.069
0.79
0.859
0.777
0.872
0.879
0.985
0.831
0.807
0.842
1.055
0.871
0.909
0.868
0.899
0.764
0.871
0.749
0.944
0.833
0.786
1.294
0.784
0.772
0.874
0.882
0.879
0.765
