0.586
0.727
0.613
0.664
0.518
0.793
0.824
0.595
0.658
0.64
0.601
0.588
0.488
0.608
0.693
0.606
0.691
0.659
0.492
0.582
0.478
0.471
0.561
0.535
0.52
0.629
0.549
0.518
0.624
0.511
0.976
0.486
0.749
0.524
0.54
0.447
0.793
0.549
0.572
0.519
0.527
0.57
0.539
0.507
0.55
0.627
0.641
0.571
0.633
0.574
0.947
0.626
0.519
0.617
0.548
0.606
0.645
0.539
0.701
0.493
0.762
0.625
0.981
0.52
0.651
0.484
0.547
0.549
0.58
0.533
0.768
0.529
0.739
0.577
0.556
0.487
0.826
0.586
0.757
0.632
0.51
0.713
0.563
0.541
0.59
0.444
0.617
0.889
0.585
0.575
0.561
0.606
0.708
0.579
0.463
0.648
0.512
0.596
0.682
0.471
0.855
