0.839
0.851
0.841
0.72
0.699
0.622
0.691
0.631
0.753
0.648
0.729
0.67
0.718
0.674
0.714
0.625
0.654
0.574
0.79
0.601
0.963
0.607
0.736
0.596
0.842
0.62
0.812
0.681
0.696
0.985
0.961
0.626
1.04
0.631
0.751
0.615
0.756
0.692
0.701
0.597
0.755
0.661
0.62
1.055
0.602
0.883
0.728
0.7
0.771
0.741
0.626
0.717
0.993
0.734
0.866
0.646
0.815
0.723
0.731
0.674
0.685
0.717
0.666
0.977
0.967
0.645
0.686
0.879
0.754
0.858
0.68
0.661
0.608
0.578
1.006
0.712
0.663
0.649
0.914
0.695
0.708
0.772
0.594
0.821
0.832
0.692
0.698
0.736
0.659
0.929
0.736
0.8
0.705
0.731
0.654
0.698
0.787
0.94
0.764
0.644
0.717
0.628
0.664
