2.169
2.093
2.174
2.062
1.842
2.235
2.247
2.019
2.132
2.06
2.061
2.106
1.936
2.332
2.151
2.063
2.23
2.012
1.866
2.185
1.874
1.95
1.834
2.302
1.975
1.971
1.96
1.984
2.034
1.849
2.407
1.914
2.199
1.867
1.832
1.876
2.329
1.908
2.087
2.003
1.896
1.995
2.021
2.081
1.93
2.075
2.223
1.99
2.101
1.947
2.322
2.02
1.923
2.218
2.181
2.048
2.122
2.126
2.277
2.035
2.374
2.097
2.44
1.961
2.198
2.052
1.956
2.04
2.154
2.024
2.359
2.053
2.278
1.999
2.085
1.87
2.337
2.09
2.292
2.083
2.144
2.17
2.177
2.03
2.019
1.981
2.019
2.606
1.973
2.02
1.949
2.076
2.288
2.111
1.877
2.218
2.093
2.141
2.395
1.974
2.449
