2.748
2.677
2.585
2.652
2.797
2.48
2.684
2.568
2.67
3.083
2.576
2.605
2.62
2.482
2.561
2.731
2.606
2.6
2.547
2.894
2.695
2.728
2.458
2.528
2.661
2.718
2.873
2.758
3.097
2.869
2.767
3.361
2.939
2.989
2.728
2.789
2.839
2.855
2.902
2.976
3.082
2.952
3.096
3.132
3.201
3.125
3.022
2.745
3.035
3.188
3.1
3.072
2.95
3.168
3.131
3.017
2.936
2.933
3.022
2.955
3.195
3.044
2.957
3.282
2.976
3.7
3.284
3.177
2.953
2.999
3.222
3.387
3.084
3.243
3.235
3.09
3.179
3.061
3.115
2.983
3.035
3.263
3.292
3.226
3.298
3.274
3.308
3.151
3.335
3.273
3.196
3.161
3.537
2.974
3.196
3.383
3.43
3.835
3.456
3.381
3.273
3.174
3.553
3.091
