2.524
2.529
2.466
2.424
2.443
2.267
2.307
2.251
2.378
2.271
2.266
2.251
2.165
2.17
2.283
2.232
2.191
2.142
2.509
2.067
2.527
2.396
2.344
2.18
2.61
2.111
2.37
2.328
2.282
2.558
2.51
2.15
2.526
2.214
2.372
2.303
2.392
2.428
2.552
2.269
2.612
2.485
2.302
2.779
2.229
2.639
2.395
2.358
2.537
2.583
2.157
2.385
2.567
2.423
2.552
2.235
2.616
2.345
2.539
2.625
2.381
2.268
2.407
2.809
2.643
2.414
2.484
2.516
2.806
2.582
2.405
2.298
2.297
2.417
2.787
2.312
2.29
2.31
2.634
2.302
2.807
2.868
2.323
2.543
2.701
2.428
2.529
2.522
2.529
2.755
2.544
2.68
2.503
2.675
2.516
2.473
2.474
2.717
2.434
2.335
2.468
2.322
2.376
