1.39
1.343
1.216
1.369
1.31
1.133
1.285
1.243
1.296
1.466
1.213
1.244
1.314
1.152
1.286
1.387
1.387
1.15
1.274
1.646
1.447
1.417
1.29
1.302
1.412
1.268
1.511
1.479
1.401
1.307
1.395
1.585
1.628
1.692
1.647
1.442
1.566
1.458
1.556
1.729
1.604
1.728
1.861
1.855
1.725
1.701
1.592
1.532
1.568
1.773
1.678
1.671
1.574
1.813
1.601
1.786
1.629
1.646
1.717
1.707
1.688
1.636
1.72
1.908
1.77
1.848
1.65
1.746
1.614
1.801
1.897
1.785
1.68
1.649
1.793
1.696
1.606
1.671
1.71
1.712
1.685
1.831
1.766
1.845
1.979
1.917
1.769
1.779
1.942
1.864
1.79
1.881
1.981
1.724
1.707
2.042
2.177
2.025
2.203
1.913
1.831
1.805
2.188
1.807
