1.135
0.968
1.05
0.991
0.909
0.996
0.925
0.955
1.039
1.009
0.956
1.118
1.059
1.211
1.047
0.997
0.996
0.866
0.962
1.083
0.986
1.079
0.844
1.122
1.017
0.929
1.021
1.042
0.958
0.919
0.991
1.03
0.991
0.939
0.873
1.02
1.124
0.98
1.097
1.021
0.95
1.019
1.085
1.05
0.957
0.977
1.164
0.953
1.024
0.941
0.9
0.937
0.994
1.056
1.192
1.003
1.088
1.117
1.172
1.106
1.157
1.059
0.985
1.019
1.129
1.172
0.974
1.049
1.044
1.08
1.203
1.095
1.125
1.024
1.107
0.966
1.012
1.058
1.122
1.033
1.222
1.031
1.209
1.082
0.988
1.136
0.988
1.274
0.977
1.051
0.955
1.077
1.167
1.058
1.009
1.166
1.165
1.116
1.287
1.058
1.173
