1.166
1.192
1.17
1.264
1.283
1.196
1.13
1.188
1.039
1.167
1.065
1.1
0.987
1.028
1.134
1.153
1.085
1.131
1.302
1.03
1.112
1.355
1.13
1.146
1.164
0.992
1.137
1.168
1.145
1.145
1.119
1.092
1.038
1.124
1.186
1.232
1.183
1.221
1.39
1.235
1.376
1.388
1.25
1.201
1.192
1.281
1.18
1.165
1.247
1.105
1.112
1.206
1.151
1.207
1.255
1.137
1.123
1.153
1.366
1.521
1.252
1.094
1.237
1.339
1.211
1.232
1.291
1.194
1.579
1.291
1.228
1.189
1.279
1.398
1.328
1.126
1.166
1.149
1.269
1.156
1.616
1.37
1.284
1.266
1.433
1.278
1.385
1.284
1.431
1.394
1.274
1.307
1.342
1.473
1.402
1.303
1.214
1.246
1.209
1.217
1.168
1.249
1.242
