0.034
0.024
0.014
0.015
0.016
0.014
0.012
0.014
0.017
0.015
0.013
0.014
0.013
0.014
0.014
0.013
0.014
0.014
0.018
0.017
0.019
0.018
0.014
0.014
0.014
0.014
0.014
0.013
0.015
0.013
0.015
0.014
0.016
0.013
0.014
0.014
0.013
0.014
0.013
0.014
0.016
0.015
0.018
0.017
0.019
0.017
0.014
0.013
0.014
0.015
0.013
0.014
0.014
0.012
0.014
0.013
0.023
0.014
0.018
0.012
0.013
0.014
0.014
0.022
0.014
0.015
0.014
0.018
0.019
0.016
0.016
0.016
0.016
0.023
0.017
0.016
0.014
0.017
0.017
0.016
0.015
0.015
0.015
0.016
0.015
0.018
0.016
0.016
0.017
0.017
0.016
0.019
0.016
0.019
0.016
0.015
0.017
0.017
0.016
0.015
0.018
0.015
0.016
0.016
