0.026
0.014
0.018
0.013
0.014
0.012
0.016
0.012
0.012
0.012
0.013
0.011
0.012
0.012
0.011
0.012
0.012
0.013
0.014
0.013
0.012
0.012
0.012
0.012
0.014
0.01
0.011
0.012
0.011
0.012
0.013
0.013
0.013
0.013
0.014
0.012
0.013
0.011
0.012
0.011
0.011
0.012
0.012
0.012
0.012
0.012
0.01
0.01
0.013
0.012
0.011
0.012
0.012
0.012
0.014
0.012
0.011
0.011
0.011
0.012
0.013
0.011
0.012
0.013
0.016
0.019
0.016
0.012
0.012
0.012
0.012
0.013
0.011
0.011
0.013
0.013
0.029
0.013
0.011
0.01
0.013
0.014
0.011
0.014
0.012
0.011
0.011
0.012
0.011
0.012
0.012
0.012
0.011
0.013
0.012
0.011
0.01
0.012
0.012
0.02
0.01
