0.033
0.037
0.032
0.048
0.036
0.04
0.047
0.039
0.04
0.04
0.043
0.045
0.031
0.046
0.037
0.061
0.038
0.046
0.042
0.052
0.057
0.041
0.048
0.048
0.038
0.048
0.039
0.041
0.048
0.047
0.043
0.052
0.041
0.041
0.043
0.041
0.044
0.042
0.033
0.046
0.039
0.043
0.045
0.051
0.05
0.042
0.063
0.053
0.044
0.045
0.033
0.057
0.055
0.043
0.037
0.047
0.051
0.038
0.042
0.055
0.045
0.052
0.047
0.039
0.051
0.041
0.044
0.036
0.046
0.043
0.048
0.044
0.037
0.026
0.043
0.039
0.037
0.042
0.051
0.041
0.041
0.036
0.057
0.041
0.053
0.05
0.043
0.047
0.035
0.042
0.048
0.042
0.042
0.045
0.051
0.047
0.044
0.046
0.046
0.039
0.044
