0.057
0.068
0.053
0.062
0.062
0.055
0.052
0.052
0.077
0.072
0.074
0.064
0.056
0.072
0.063
0.053
0.052
0.062
0.058
0.065
0.064
0.056
0.054
0.069
0.071
0.054
0.053
0.081
0.059
0.062
0.066
0.054
0.067
0.064
0.066
0.065
0.056
0.074
0.067
0.086
0.099
0.059
0.064
0.068
0.06
0.067
0.069
0.073
0.058
0.082
0.055
0.098
0.088
0.064
0.068
0.082
0.071
0.054
0.096
0.095
0.062
0.056
0.066
0.063
0.098
0.057
0.063
0.067
0.071
0.067
0.054
0.056
0.077
0.063
0.063
0.074
0.055
0.092
0.064
0.074
0.065
0.057
0.07
0.059
0.073
0.067
0.091
0.075
0.066
0.064
0.081
0.068
0.06
0.074
0.073
0.06
0.065
0.062
0.066
0.085
0.062
