1.185
0.954
0.974
0.98
0.878
0.889
0.83
1.026
0.953
0.996
1.007
1.021
1.058
0.794
0.871
0.928
1.101
0.912
0.875
1.159
0.842
0.947
0.854
1.048
1.026
0.971
1.01
1.18
0.986
0.856
0.827
1.07
0.949
0.89
0.865
0.951
0.965
0.829
0.755
0.85
0.792
1.008
1.028
0.949
0.978
0.859
0.83
0.961
0.787
0.986
0.774
1.1
0.835
0.993
0.908
1.046
0.936
0.969
1.086
0.851
0.855
0.819
0.741
0.779
0.888
1.067
0.971
0.853
0.848
1.04
0.836
1.045
0.927
0.863
0.893
1.169
1.058
1.079
1.021
1.065
0.914
1.051
0.89
0.984
0.924
0.949
0.963
0.926
0.87
0.871
1.006
0.896
0.921
0.862
0.91
0.89
0.991
0.972
0.958
0.925
