0.279
0.383
0.354
0.311
0.256
0.24
0.28
0.344
0.338
0.308
0.29
0.235
0.229
0.245
0.37
0.331
0.318
0.273
0.412
0.227
0.276
0.364
0.225
0.29
0.22
0.243
0.431
0.352
0.38
0.309
0.24
0.489
0.279
0.313
0.27
0.264
0.268
0.378
0.254
0.293
0.35
0.366
0.325
0.294
0.257
0.222
0.357
0.251
0.34
0.433
0.37
0.301
0.23
0.254
0.385
0.318
0.449
0.243
0.251
0.298
0.441
0.256
0.263
0.284
0.258
0.209
0.327
0.236
0.35
0.401
0.43
0.247
0.252
0.252
0.311
0.298
0.265
0.377
0.4
0.334
0.228
0.292
0.322
0.473
0.38
0.382
0.226
0.249
0.386
0.316
0.334
0.265
0.233
0.309
0.416
0.354
0.416
0.304
0.256
0.355
0.431
