0.788
0.689
0.822
0.71
0.681
0.762
0.826
0.63
0.614
0.762
0.728
0.577
0.515
0.674
0.756
0.613
0.615
0.536
0.636
0.552
0.681
0.653
0.616
0.715
0.586
0.724
0.694
0.709
0.727
0.713
0.664
0.813
0.716
0.568
0.633
0.661
0.673
0.589
0.646
0.688
0.715
0.812
0.654
0.569
0.544
0.701
0.64
0.684
0.783
0.635
0.669
0.619
0.779
0.648
0.635
0.63
0.689
0.558
0.687
0.821
0.742
0.677
0.76
0.643
0.685
0.526
0.635
0.686
0.757
0.626
0.595
0.774
0.857
0.714
0.557
0.626
0.658
0.929
0.628
0.684
0.688
0.694
0.708
0.834
0.735
0.667
0.683
0.523
0.652
0.635
0.651
0.612
0.656
0.668
0.781
0.537
0.739
0.616
0.545
0.543
0.744
