1.779
1.854
1.729
1.703
1.742
1.635
1.795
1.821
1.641
1.664
1.647
1.551
1.738
1.72
1.843
1.839
1.695
1.751
2.038
1.638
1.788
1.968
1.616
2.074
1.651
1.845
1.999
1.872
2.063
2.062
1.819
2.198
1.843
2.07
2.027
1.993
1.984
1.94
1.861
1.981
2.087
2.127
1.991
1.959
2.019
2.153
2.052
1.969
2.059
2.108
2.109
2.081
2.075
1.913
2.115
1.999
2.073
1.943
2.233
2.25
2.136
2.092
1.987
2.072
2.136
1.999
2.189
2.049
2.415
2.159
2.362
2.205
2.061
2.096
2.327
2.234
2.248
2.204
2.356
2.223
2.239
2.325
2.336
2.453
2.253
2.4
2.209
2.337
2.253
2.257
2.491
2.327
2.309
2.481
2.399
2.248
2.48
2.522
2.438
2.436
2.547
