1.098
0.96
0.874
1.004
0.857
0.918
0.862
0.902
0.916
0.964
1.022
0.878
0.972
1.041
0.943
0.943
0.925
1.01
0.961
0.952
0.95
1.032
1.01
0.973
1.003
0.938
0.948
1
0.99
0.971
0.989
1.065
1.17
1.093
1.192
1.015
1.151
1.11
1.254
1.032
1.256
1.2
1.232
1.089
1.169
1.204
1.225
1.279
1.249
1.463
1.194
1.272
1.289
1.258
1.15
1.247
1.305
1.209
1.206
1.31
1.168
1.131
1.297
1.181
1.184
1.172
1.234
1.22
1.368
1.174
1.228
1.321
1.327
1.358
1.254
1.245
1.211
1.302
1.249
1.303
1.378
1.296
1.274
1.36
1.454
1.51
1.548
1.472
1.58
1.533
1.459
1.443
1.492
1.438
1.466
1.493
1.603
1.608
1.561
1.778
1.464
