4.598
4.462
4.337
3.881
3.701
4.186
3.374
4.513
3.453
3.491
4.561
4.023
4.332
3.209
4.392
4.439
3.591
4.3
4.592
4.382
4.394
4.731
4.394
4.366
4.471
3.883
4.436
4.417
4.368
4.217
3.386
4.698
4.54
4.34
5.076
4.528
4.417
4.332
3.359
4.168
3.637
4.8
4.863
4.556
4.483
4.612
3.594
4.428
3.629
4.613
3.48
4.887
3.467
4.737
3.666
4.863
4.227
3.878
4.886
4.547
4.41
4.612
4.546
3.622
3.866
5.158
3.775
3.702
3.711
4.745
4.003
4.711
4.142
3.941
4.823
5.185
4.976
4.796
4.636
4.647
5.114
4.843
5.117
4.803
5.169
4.713
5.139
4.813
4.046
3.983
4.715
4.405
5.064
4.124
5.403
5.097
4.563
4.302
5.327
4.582
