4.178
3.536
3.467
4.081
3.011
2.687
3.942
2.514
3.387
3.427
2.623
3.973
2.828
3.271
3.935
3.451
2.618
2.626
3.624
3.048
3.878
3.747
2.715
3.552
3.604
3.821
4.022
3.892
4.147
3.445
4.255
4.279
2.938
2.674
3.876
3.045
4.052
2.889
2.858
4.043
2.756
4.141
2.873
3.832
3.033
3.903
2.986
3.18
3.933
2.823
4.168
3.739
3.184
2.841
3.197
3.021
4.253
2.887
3.204
3.294
4.203
4.309
4.411
2.899
4.091
2.984
3.781
4.126
4.44
4.273
4.248
4.367
4.212
3.985
2.877
2.916
3.891
4.583
2.929
3.767
4.145
4.052
3.665
4.366
3.672
4.136
3.122
2.845
4.132
4.316
4.307
3.237
4.141
4.254
4.543
3.375
4.265
3.003
3.229
3.033
3.359
