1.017
1.029
0.746
0.857
0.833
0.824
0.799
0.835
0.866
0.842
0.773
0.775
0.786
0.848
0.782
0.845
0.788
0.835
0.793
0.876
0.961
0.871
0.868
0.873
0.936
1.244
1.002
0.957
1.042
1.077
1.035
1.075
0.952
0.974
1.014
1.057
1.102
1
0.887
0.998
1.101
0.982
1.09
0.877
1.076
1.026
1.199
1.141
1.123
1.048
1.067
1.116
0.991
1.04
1.066
1.052
1.177
1.138
1.187
1.077
1.108
1.198
1.179
1.079
1.044
1.089
1.029
1.077
1.171
1.088
1.197
1.165
1.117
1.09
1.255
1.168
1.241
1.149
1.294
1.259
1.218
1.401
1.398
1.471
1.376
1.453
1.313
1.349
1.368
1.299
1.379
1.366
1.307
1.427
1.339
1.474
1.416
1.408
1.45
1.412
1.557
