0.834
0.818
0.595
0.694
0.698
0.647
0.638
0.691
0.724
0.673
0.595
0.602
0.65
0.669
0.609
0.656
0.63
0.643
0.638
0.657
0.766
0.658
0.729
0.709
0.765
1.068
0.829
0.762
0.857
0.878
0.852
0.917
0.778
0.789
0.85
0.894
0.935
0.831
0.729
0.804
0.94
0.829
0.919
0.672
0.926
0.872
0.996
0.961
0.92
0.85
0.917
0.912
0.793
0.884
0.92
0.911
0.978
0.997
1.012
0.937
0.945
1.014
1.004
0.915
0.904
0.899
0.862
0.927
1.007
0.938
1.012
1.022
0.924
0.955
1.076
1.008
1.062
1.012
1.123
1.111
1.063
1.239
1.219
1.302
1.181
1.231
1.109
1.158
1.196
1.118
1.209
1.193
1.111
1.248
1.131
1.293
1.222
1.219
1.272
1.234
1.405
