0.857
0.717
0.699
0.762
0.674
0.692
0.711
0.726
0.713
0.743
0.76
0.69
0.787
0.803
0.735
0.748
0.722
0.832
0.726
0.727
0.767
0.84
0.835
0.761
0.791
0.763
0.745
0.774
0.747
0.748
0.753
0.846
0.933
0.877
0.968
0.813
0.925
0.853
1.034
0.788
0.971
0.971
1.017
0.9
0.937
0.972
0.999
1.033
1.039
1.223
1.026
1.039
1.031
1.073
0.913
1.006
1.091
1.002
0.951
1.012
0.918
0.926
1.067
0.988
0.903
0.979
1.034
0.989
1.159
0.957
1.04
1.125
1.061
1.108
1.05
1.04
1.005
1.057
1.04
1.09
1.184
1.061
1.058
1.166
1.185
1.261
1.319
1.231
1.394
1.292
1.23
1.214
1.246
1.171
1.25
1.29
1.364
1.395
1.353
1.545
1.252
