2.724
2.891
2.591
2.263
2.109
2.662
1.941
2.874
1.892
1.902
2.914
2.384
2.657
1.782
2.867
2.73
1.786
2.768
2.83
2.477
2.654
2.84
2.919
2.64
2.816
2.179
2.807
2.527
2.771
2.703
1.907
2.898
2.688
2.69
3.344
2.884
2.812
2.714
1.964
2.485
2.135
3.009
3.251
2.733
2.893
2.834
2.162
2.878
2.188
2.984
2.106
3.078
2.026
3.067
2.156
3.132
2.678
2.322
3.118
2.961
2.894
3.184
2.961
2.216
2.302
3.414
2.133
2.218
2.176
3.034
2.402
3.021
2.504
2.401
3.166
3.237
3.244
2.829
2.926
2.894
3.515
3.125
3.428
3.121
3.226
2.983
3.489
3.192
2.486
2.442
2.913
2.851
3.106
2.557
3.512
3.22
2.877
2.666
3.323
2.989
