2.794
2.36
2.179
2.855
1.885
1.403
2.617
1.414
2.083
2.216
1.451
2.926
1.84
2.141
2.602
2.369
1.545
1.624
2.535
1.986
2.715
2.617
1.622
2.388
2.58
2.656
2.829
2.681
2.858
2.238
3.127
2.984
1.71
1.656
2.803
1.867
2.851
1.802
1.757
2.859
1.552
2.823
1.764
2.803
2.024
2.685
1.885
2.028
2.693
1.715
3.02
2.651
1.945
1.697
2.106
1.914
3.071
1.8
2.071
2.002
3.001
3.068
3.211
1.815
2.895
1.943
2.669
2.952
3.228
2.896
3.1
3.114
2.852
2.757
1.848
1.849
2.776
3.152
1.844
2.608
2.985
2.924
2.493
3.098
2.474
3.003
1.978
1.856
3.013
3.154
3.197
2.147
2.991
3.099
3.253
2.107
3.071
1.849
2.196
1.994
2.132
