1.179
1.025
1.065
1.062
1.168
1.107
1.228
1.138
0.998
1.021
1.055
1.038
1.208
1.167
1.104
1.237
1.079
1.169
1.275
1.089
1.167
1.187
1.076
1.45
1.113
1.277
1.213
1.206
1.4
1.382
1.294
1.37
1.205
1.457
1.444
1.403
1.387
1.264
1.278
1.389
1.422
1.44
1.377
1.371
1.458
1.563
1.386
1.389
1.447
1.274
1.38
1.488
1.534
1.34
1.41
1.378
1.319
1.385
1.579
1.631
1.386
1.506
1.418
1.41
1.593
1.469
1.536
1.486
1.783
1.425
1.584
1.619
1.511
1.532
1.656
1.597
1.687
1.502
1.598
1.524
1.665
1.743
1.696
1.655
1.531
1.675
1.668
1.675
1.534
1.646
1.781
1.737
1.773
1.846
1.686
1.577
1.69
1.874
1.661
1.742
1.782
