0.049
0.015
0.015
0.014
0.015
0.017
0.014
0.013
0.014
0.013
0.014
0.013
0.014
0.015
0.015
0.026
0.018
0.017
0.013
0.014
0.014
0.013
0.015
0.017
0.014
0.014
0.015
0.015
0.014
0.014
0.015
0.014
0.014
0.016
0.015
0.014
0.014
0.014
0.016
0.014
0.02
0.018
0.017
0.015
0.014
0.014
0.013
0.015
0.014
0.014
0.014
0.012
0.013
0.014
0.014
0.015
0.014
0.013
0.013
0.014
0.013
0.014
0.015
0.015
0.018
0.02
0.02
0.014
0.014
0.012
0.015
0.015
0.014
0.013
0.013
0.014
0.015
0.019
0.017
0.014
0.014
0.014
0.014
0.014
0.015
0.015
0.019
0.017
0.018
0.016
0.015
0.017
0.016
0.017
0.017
0.017
0.018
0.016
0.016
0.015
