0.032
0.025
0.015
0.019
0.014
0.014
0.019
0.013
0.014
0.016
0.014
0.015
0.015
0.019
0.015
0.014
0.013
0.014
0.019
0.024
0.02
0.019
0.014
0.018
0.014
0.014
0.016
0.015
0.015
0.014
0.015
0.017
0.014
0.014
0.021
0.015
0.014
0.014
0.014
0.015
0.015
0.013
0.015
0.015
0.014
0.013
0.014
0.018
0.017
0.014
0.021
0.016
0.015
0.019
0.013
0.015
0.018
0.016
0.013
0.016
0.013
0.014
0.019
0.02
0.014
0.013
0.014
0.019
0.013
0.014
0.014
0.013
0.016
0.012
0.019
0.021
0.02
0.017
0.017
0.017
0.016
0.016
0.019
0.016
0.018
0.018
0.015
0.016
0.016
0.02
0.016
0.016
0.016
0.016
0.016
0.02
0.017
0.02
0.02
0.016
0.018
