0.037
0.031
0.014
0.015
0.015
0.014
0.013
0.014
0.014
0.014
0.014
0.019
0.013
0.015
0.014
0.021
0.024
0.013
0.023
0.014
0.014
0.023
0.014
0.014
0.014
0.013
0.013
0.016
0.014
0.014
0.015
0.021
0.023
0.015
0.019
0.021
0.015
0.015
0.015
0.013
0.034
0.015
0.02
0.017
0.016
0.017
0.016
0.017
0.015
0.017
0.011
0.012
0.012
0.012
0.015
0.015
0.013
0.02
0.016
0.014
0.018
0.013
0.028
0.012
0.023
0.013
0.013
0.015
0.016
0.014
0.014
0.019
0.019
0.015
0.024
0.018
0.015
0.014
0.018
0.015
0.014
0.015
0.013
0.022
0.015
0.016
0.016
0.013
0.013
0.016
0.015
0.014
0.013
0.014
0.014
0.022
0.018
0.02
0.016
0.015
0.014
