0.034
0.017
0.016
0.014
0.017
0.014
0.021
0.013
0.012
0.014
0.014
0.016
0.014
0.015
0.017
0.014
0.013
0.015
0.014
0.071
0.015
0.019
0.018
0.016
0.014
0.02
0.012
0.014
0.016
0.014
0.017
0.015
0.014
0.015
0.013
0.013
0.012
0.014
0.015
0.016
0.015
0.014
0.013
0.019
0.013
0.014
0.013
0.017
0.013
0.013
0.013
0.015
0.027
0.016
0.014
0.017
0.018
0.014
0.013
0.014
0.014
0.014
0.019
0.016
0.014
0.019
0.014
0.013
0.028
0.013
0.013
0.014
0.014
0.013
0.014
0.014
0.015
0.014
0.013
0.012
0.012
0.014
0.018
0.017
0.014
0.028
0.015
0.016
0.017
0.023
0.021
0.015
0.016
0.016
0.015
0.023
0.016
0.028
0.016
0.023
0.016
