0.042
0.018
0.016
0.016
0.014
0.014
0.014
0.013
0.014
0.013
0.014
0.015
0.015
0.014
0.015
0.016
0.02
0.018
0.019
0.019
0.017
0.014
0.014
0.012
0.013
0.015
0.014
0.014
0.015
0.014
0.013
0.014
0.015
0.014
0.014
0.014
0.015
0.013
0.019
0.014
0.015
0.015
0.019
0.018
0.018
0.019
0.015
0.016
0.014
0.014
0.015
0.013
0.013
0.014
0.014
0.014
0.013
0.015
0.015
0.017
0.013
0.013
0.012
0.014
0.022
0.014
0.014
0.018
0.017
0.02
0.018
0.016
0.015
0.015
0.018
0.015
0.016
0.015
0.017
0.016
0.016
0.015
0.016
0.015
0.016
0.016
0.017
0.015
0.016
0.017
0.016
0.017
0.018
0.017
0.018
0.05
0.016
0.018
0.016
0.015
0.015
