1.072
1.316
1.009
1.299
1.005
1.016
1.19
0.96
0.946
0.89
1.064
0.847
0.805
0.945
1.007
0.9
0.991
1.132
0.899
0.913
0.954
0.957
0.999
0.894
1.011
0.98
0.92
0.892
0.929
0.98
1.161
0.911
1.2
0.88
0.891
1.01
0.965
0.854
1.041
0.901
1.023
0.96
0.924
1.031
1.039
0.925
0.782
1.278
0.982
0.958
0.864
1.219
0.91
0.995
1.017
0.935
0.904
0.993
1.215
0.959
1.29
0.984
0.854
0.812
0.979
0.991
0.956
1.04
1.059
1.126
0.867
1.022
1.146
1.007
1.092
0.924
0.944
0.994
0.936
1.006
1.336
0.979
0.906
1.145
1.049
1.435
0.942
0.904
0.838
1.002
0.921
1.089
1.054
0.935
1.161
1.008
0.934
0.883
0.895
1.356
