0.89
1.067
0.972
0.928
1.01
1.196
0.691
0.735
0.707
0.792
0.894
0.839
0.711
1.03
0.725
0.901
0.705
1.053
1.219
0.705
0.971
0.765
0.836
1.11
0.812
1.122
0.865
1.122
0.816
1.204
0.81
1.114
0.843
1.063
0.892
1.156
0.962
0.842
0.912
0.855
0.813
0.9
0.806
0.846
0.842
0.715
0.811
0.784
0.771
1.146
1.061
0.74
0.82
0.891
0.92
0.886
0.801
0.798
0.876
0.814
1.144
0.864
0.888
0.645
1.156
0.792
0.779
1.068
0.87
0.736
0.695
1.161
0.789
0.991
0.778
1.149
0.941
0.884
0.961
0.88
1.092
0.864
0.786
0.719
0.929
0.828
0.744
0.815
0.779
0.678
0.836
1.017
0.831
1.15
0.954
1.19
0.942
1.249
0.826
1.086
