0.81
0.781
0.786
0.787
0.774
0.591
0.897
0.725
0.74
0.749
0.997
0.77
0.957
0.611
0.711
0.767
0.73
0.52
0.704
0.768
0.755
1.139
0.865
0.659
0.751
0.761
0.707
0.734
1.013
0.8
1.081
0.794
0.97
0.794
0.828
0.722
0.563
0.764
0.798
0.821
0.822
0.703
0.611
0.803
0.852
0.704
0.628
0.889
0.675
0.797
0.942
0.768
0.872
0.8
0.845
0.676
1.081
0.771
0.596
0.768
0.902
0.865
0.702
1.13
0.97
1.161
0.702
0.699
0.906
0.743
1.071
0.959
0.718
0.791
0.774
0.684
1.136
0.807
0.748
0.892
1.042
0.798
0.812
0.802
0.691
0.702
0.81
0.604
0.763
0.721
0.767
0.848
0.867
0.828
0.792
0.735
0.661
0.77
0.743
0.773
0.89
0.788
0.777
0.954
