2.841
2.751
2.651
2.752
2.867
2.932
2.386
2.712
2.489
2.507
2.714
2.54
2.499
2.909
2.536
2.703
2.526
2.866
3.069
2.858
2.751
2.593
2.953
2.71
2.618
2.941
2.573
3.034
2.559
2.935
2.653
3.182
2.846
3.076
2.919
3.216
2.828
2.874
2.844
2.788
2.819
2.979
3.015
2.771
2.808
2.685
3.003
2.774
3.033
3.294
3.166
2.856
2.847
3.285
2.91
2.988
2.908
2.837
3.035
2.759
3.469
2.881
3.131
2.81
3.28
3.059
3.134
3.349
3.122
3.019
2.751
3.327
2.923
3.368
3.026
3.362
3.083
3.079
3.084
2.956
3.433
3.143
3.186
2.949
3.056
3.141
3.009
3.238
3.249
3.022
3.165
3.446
2.973
3.427
3.027
3.692
3.228
3.456
3.106
3.342
