3.492
3.398
3.043
3.488
3.211
3.157
3.327
2.996
3.176
3.057
3.1
2.857
2.906
3.098
3.059
2.969
3.131
3.14
3.095
3.592
3.205
3.093
3.039
3.125
3.065
3.09
3.115
3.32
3.351
3.334
3.528
3.167
3.453
3.163
3.135
3.413
3.351
3.276
3.461
3.382
3.741
3.566
3.381
3.561
3.704
3.544
3.172
3.623
3.415
3.402
3.165
3.657
3.294
3.552
3.648
3.509
3.665
3.71
3.649
3.627
3.975
3.491
3.887
3.317
3.507
3.564
3.508
3.636
3.492
3.66
3.481
3.848
3.61
3.606
3.712
3.297
3.434
3.466
3.362
3.61
4.17
3.618
3.516
3.881
3.578
4.131
3.577
3.401
3.574
4.025
3.675
3.794
3.93
3.833
3.884
3.833
3.559
3.586
3.577
4.219
