2.642
2.605
2.633
2.635
2.528
2.492
2.888
2.399
2.346
2.446
2.809
2.509
2.769
2.19
2.487
2.512
2.553
2.285
2.375
3.119
2.554
2.964
2.71
2.513
2.939
2.672
2.741
2.526
2.992
2.586
2.933
2.721
2.845
2.746
3.073
2.685
2.661
2.825
2.726
2.881
2.849
2.667
2.664
2.979
2.84
2.686
2.686
2.805
2.648
2.768
2.946
2.712
2.798
2.779
2.935
2.578
3.24
2.905
2.7
2.865
3.012
3.081
2.845
3.32
3.046
3.312
2.773
2.841
3.068
3.057
3.291
3.094
3.047
3.248
3.048
2.886
3.432
3.055
3.331
3.359
3.449
3.207
3.255
3.195
3.017
3.132
3.234
2.981
3.139
3.281
3.348
3.273
3.213
3.305
3.229
3.206
3.211
3.389
3.082
3.245
3.241
3.285
3.372
3.517
