1.412
1.238
1.202
1.387
1.275
1.194
1.197
1.402
1.322
1.219
1.34
1.245
1.326
1.372
1.35
1.327
1.359
1.313
1.349
1.635
1.308
1.313
1.362
1.126
1.324
1.363
1.23
1.431
1.208
1.272
1.388
1.624
1.527
1.552
1.56
1.56
1.362
1.508
1.399
1.443
1.414
1.595
1.726
1.427
1.493
1.497
1.728
1.506
1.824
1.703
1.6
1.617
1.559
1.897
1.452
1.609
1.624
1.565
1.626
1.456
1.729
1.542
1.766
1.652
1.653
1.762
1.785
1.802
1.682
1.785
1.6
1.696
1.641
1.732
1.733
1.696
1.647
1.7
1.66
1.602
1.881
1.761
1.867
1.726
1.626
1.813
1.742
1.958
1.974
1.877
1.86
1.98
1.681
1.815
1.589
2.019
1.794
1.735
1.819
1.777
