1.356
1.389
1.367
1.361
1.32
1.364
1.169
1.219
1.131
1.075
1.346
1.188
1.31
1.134
1.245
1.281
1.392
1.3
1.223
1.893
1.343
1.364
1.355
1.305
1.718
1.373
1.559
1.343
1.502
1.338
1.426
1.461
1.446
1.445
1.784
1.487
1.577
1.565
1.417
1.565
1.538
1.514
1.585
1.676
1.489
1.515
1.571
1.381
1.517
1.464
1.497
1.485
1.422
1.463
1.553
1.438
1.65
1.527
1.57
1.57
1.627
1.624
1.653
1.668
1.596
1.666
1.549
1.707
1.683
1.803
1.683
1.646
1.832
1.964
1.803
1.709
1.8
1.737
1.986
1.915
1.872
1.831
1.908
1.894
1.843
1.921
1.919
1.873
1.887
1.996
2.046
1.934
1.833
1.932
1.959
1.959
2.098
2.143
1.869
1.926
1.852
1.966
2.041
2.068
