1.7
1.503
1.516
1.501
1.515
1.555
1.605
1.504
1.648
1.621
1.47
1.436
1.553
1.588
1.501
1.514
1.6
1.42
1.643
2.125
1.693
1.556
1.432
1.689
1.465
1.537
1.602
1.828
1.807
1.79
1.758
1.692
1.707
1.669
1.661
1.839
1.796
1.874
1.825
1.909
1.868
1.952
1.888
1.941
2.108
2.04
1.835
1.79
1.826
1.809
1.713
1.861
1.814
1.776
1.96
1.99
1.989
2.07
1.883
2.092
2.045
1.952
2.452
1.936
1.939
1.933
1.988
1.974
1.86
1.864
2.036
1.998
1.838
1.971
1.996
1.781
1.926
1.846
1.843
2.025
2.123
2.021
2.009
2.096
1.943
2.09
2.069
1.919
2.151
2.257
2.109
2.117
2.322
2.283
2.164
2.185
2.062
2.115
2.075
2.253
