0.026
0.019
0.013
0.01
0.009
0.009
0.009
0.009
0.012
0.009
0.012
0.016
0.009
0.01
0.01
0.009
0.008
0.015
0.012
0.015
0.015
0.01
0.011
0.011
0.01
0.011
0.01
0.008
0.011
0.014
0.008
0.011
0.012
0.009
0.011
0.009
0.009
0.009
0.011
0.009
0.01
0.012
0.011
0.013
0.013
0.01
0.011
0.009
0.008
0.009
0.01
0.011
0.01
0.016
0.009
0.009
0.01
0.009
0.009
0.01
0.011
0.013
0.017
0.015
0.014
0.019
0.013
0.011
0.011
0.011
0.011
0.011
0.012
0.012
0.011
0.012
0.012
0.012
0.012
0.011
0.012
0.011
0.011
0.011
0.013
0.013
0.014
0.013
0.012
0.014
0.017
0.012
0.012
0.011
0.012
0.013
0.01
0.011
0.01
0.012
0.017
0.012
0.01
0.012
