0.033
0.019
0.014
0.014
0.015
0.014
0.014
0.014
0.017
0.013
0.013
0.012
0.014
0.015
0.014
0.013
0.015
0.014
0.035
0.022
0.017
0.014
0.015
0.014
0.013
0.013
0.014
0.013
0.013
0.014
0.012
0.013
0.014
0.013
0.016
0.016
0.016
0.014
0.014
0.014
0.015
0.016
0.02
0.017
0.018
0.019
0.013
0.014
0.013
0.013
0.012
0.014
0.013
0.013
0.012
0.013
0.013
0.013
0.015
0.013
0.014
0.014
0.013
0.013
0.015
0.021
0.014
0.02
0.017
0.02
0.016
0.015
0.014
0.016
0.016
0.015
0.015
0.015
0.015
0.016
0.017
0.017
0.019
0.018
0.016
0.015
0.017
0.016
0.015
0.016
0.017
0.016
0.019
0.016
0.02
0.016
0.016
0.014
0.015
0.017
