0.096
0.089
0.077
0.079
0.078
0.078
0.078
0.077
0.078
0.078
0.078
0.077
0.078
0.077
0.078
0.078
0.085
0.084
0.081
0.078
0.077
0.077
0.077
0.078
0.078
0.077
0.077
0.078
0.077
0.078
0.077
0.078
0.076
0.077
0.078
0.076
0.078
0.079
0.079
0.082
0.082
0.08
0.077
0.077
0.077
0.077
0.077
0.077
0.077
0.078
0.076
0.076
0.077
0.077
0.077
0.077
0.076
0.078
0.077
0.077
0.077
0.079
0.08
0.081
0.083
0.082
0.078
0.077
0.078
0.078
0.088
0.077
0.078
0.078
0.078
0.077
0.078
0.079
0.079
0.08
0.077
0.077
0.078
0.078
0.077
0.078
0.082
0.08
0.081
0.085
0.08
0.08
0.079
0.081
0.08
0.079
0.079
0.08
0.08
0.079
