0.048
0.081
0.055
0.071
0.061
0.071
0.067
0.041
0.05
0.045
0.059
0.046
0.049
0.06
0.073
0.06
0.067
0.051
0.062
0.05
0.062
0.072
0.05
0.052
0.056
0.086
0.06
0.09
0.061
0.066
0.072
0.078
0.07
0.082
0.049
0.05
0.082
0.046
0.055
0.053
0.047
0.06
0.061
0.061
0.063
0.054
0.061
0.068
0.047
0.054
0.053
0.054
0.054
0.052
0.089
0.059
0.06
0.05
0.053
0.053
0.056
0.06
0.056
0.108
0.066
0.049
0.059
0.051
0.076
0.063
0.058
0.06
0.062
0.059
0.043
0.061
0.047
0.072
0.084
0.06
0.049
0.079
0.047
0.049
0.073
0.048
0.053
0.075
0.06
0.061
0.06
0.064
0.059
0.059
0.057
0.05
0.06
0.044
0.06
0.049
0.073
0.052
0.055
0.065
0.072
