0.022
0.02
0.028
0.031
0.033
0.028
0.025
0.031
0.029
0.029
0.034
0.027
0.03
0.029
0.033
0.025
0.03
0.023
0.028
0.029
0.03
0.03
0.036
0.033
0.024
0.029
0.023
0.046
0.03
0.028
0.026
0.022
0.03
0.031
0.023
0.029
0.03
0.022
0.031
0.033
0.037
0.029
0.025
0.03
0.031
0.033
0.032
0.031
0.029
0.027
0.028
0.032
0.034
0.027
0.031
0.032
0.033
0.03
0.03
0.027
0.031
0.026
0.029
0.028
0.03
0.029
0.034
0.046
0.028
0.04
0.03
0.025
0.024
0.028
0.033
0.034
0.032
0.025
0.036
0.03
0.029
0.032
0.029
0.029
0.032
0.029
0.025
0.03
0.029
0.027
0.026
0.03
0.037
0.027
0.027
0.025
0.028
0.023
0.03
0.028
0.029
