0.978
0.792
0.811
0.99
0.87
0.898
0.81
0.919
0.798
1.055
0.831
0.931
1.018
0.855
0.846
1.143
0.889
0.872
0.96
0.796
0.8
0.986
1.018
0.79
0.952
0.817
0.995
0.979
1.127
0.951
0.851
1.009
1.133
1.091
0.862
1.027
0.947
0.914
0.993
0.816
0.82
0.81
0.853
0.888
0.934
0.854
0.799
0.828
0.84
0.879
0.832
0.839
0.757
0.74
0.926
0.813
0.998
0.854
0.875
0.885
0.839
0.911
0.922
0.873
1.083
1.178
0.937
0.977
1.021
0.873
1.057
0.868
0.972
0.839
0.856
1.114
0.917
0.957
0.902
0.864
0.937
0.882
0.815
0.84
0.944
0.983
0.962
0.989
0.95
1.093
0.928
1.182
0.993
0.955
0.926
0.938
0.809
1.051
1.112
0.827
