0.272
0.279
0.286
0.278
0.261
0.329
0.462
0.371
0.274
0.255
0.298
0.336
0.369
0.283
0.262
0.27
0.221
0.267
0.262
0.319
0.334
0.25
0.383
0.419
0.29
0.241
0.364
0.262
0.255
0.469
0.243
0.396
0.325
0.473
0.263
0.262
0.279
0.32
0.282
0.315
0.328
0.259
0.345
0.376
0.422
0.315
0.224
0.367
0.358
0.315
0.309
0.31
0.325
0.238
0.451
0.4
0.363
0.32
0.264
0.257
0.274
0.316
0.255
0.257
0.287
0.248
0.272
0.381
0.376
0.431
0.229
0.267
0.252
0.258
0.255
0.388
0.478
0.285
0.326
0.369
0.237
0.304
0.355
0.281
0.252
0.291
0.319
0.276
0.42
0.337
0.261
0.236
0.31
0.323
0.283
0.437
0.273
0.355
0.307
0.3
0.234
0.257
