0.065
0.059
0.08
0.063
0.079
0.069
0.061
0.075
0.084
0.061
0.062
0.06
0.048
0.069
0.056
0.057
0.049
0.065
0.106
0.052
0.059
0.077
0.065
0.061
0.066
0.07
0.056
0.065
0.06
0.061
0.05
0.077
0.054
0.054
0.079
0.108
0.054
0.072
0.078
0.054
0.072
0.084
0.059
0.063
0.054
0.052
0.056
0.05
0.108
0.055
0.122
0.062
0.117
0.076
0.055
0.064
0.074
0.064
0.058
0.078
0.056
0.051
0.056
0.061
0.074
0.056
0.052
0.059
0.092
0.069
0.055
0.071
0.089
0.064
0.061
0.078
0.061
0.061
0.06
0.061
0.061
0.059
0.058
0.059
0.052
0.066
0.057
0.064
0.053
0.05
0.065
0.07
0.066
0.073
0.066
0.065
0.048
0.058
0.058
0.075
0.05
0.085
0.086
0.056
