0.956
0.912
0.875
0.919
0.843
0.842
0.757
0.912
0.759
0.915
0.91
0.872
1.02
0.893
0.945
0.861
0.814
1.046
1.094
0.742
1.01
1.059
0.862
0.842
0.709
0.784
0.907
0.744
0.707
1.027
0.967
0.848
0.799
0.996
0.825
0.849
0.805
1.023
0.848
0.78
0.878
0.873
0.7
1.041
0.962
0.966
0.897
0.863
0.853
0.784
1.04
0.815
0.812
0.876
0.881
0.962
0.869
0.826
0.879
0.867
0.969
0.96
1.028
1.044
0.938
0.803
1.002
1.117
1.025
1.242
0.996
0.899
0.858
0.783
0.962
0.928
1.061
0.904
1.063
0.977
0.866
0.953
0.773
0.869
1.003
1.008
0.991
0.97
1.065
0.821
1.045
1.043
0.856
1.005
0.787
0.895
1.023
0.992
0.793
1.03
0.981
1.035
