0.031
0.037
0.039
0.037
0.04
0.045
0.041
0.044
0.034
0.051
0.043
0.038
0.038
0.046
0.04
0.042
0.05
0.045
0.039
0.04
0.044
0.035
0.038
0.031
0.039
0.045
0.044
0.047
0.05
0.053
0.047
0.042
0.036
0.037
0.03
0.041
0.051
0.038
0.04
0.031
0.04
0.031
0.039
0.046
0.043
0.038
0.041
0.039
0.047
0.045
0.031
0.054
0.042
0.048
0.048
0.047
0.038
0.044
0.041
0.038
0.037
0.047
0.041
0.047
0.042
0.055
0.045
0.037
0.04
0.035
0.039
0.043
0.038
0.047
0.039
0.061
0.036
0.048
0.034
0.059
0.04
0.037
0.043
0.038
0.036
0.042
0.038
0.045
0.036
0.032
0.043
0.044
0.033
0.042
0.037
0.036
0.04
0.034
0.035
0.039
0.042
