0.034
0.032
0.045
0.046
0.04
0.052
0.046
0.05
0.035
0.041
0.063
0.037
0.049
0.046
0.045
0.061
0.057
0.041
0.049
0.06
0.05
0.051
0.047
0.047
0.045
0.047
0.05
0.048
0.048
0.042
0.034
0.043
0.053
0.045
0.034
0.056
0.053
0.039
0.042
0.04
0.044
0.043
0.04
0.049
0.04
0.059
0.058
0.036
0.056
0.067
0.049
0.042
0.05
0.038
0.059
0.056
0.045
0.054
0.036
0.041
0.046
0.031
0.059
0.045
0.044
0.035
0.052
0.051
0.054
0.044
0.047
0.043
0.055
0.036
0.045
0.046
0.049
0.058
0.055
0.055
0.042
0.059
0.052
0.057
0.052
0.047
0.05
0.049
0.042
0.047
0.051
0.034
0.046
0.045
0.048
0.05
0.04
0.039
0.041
0.076
0.045
