0.317
0.273
0.297
0.232
0.357
0.231
0.28
0.279
0.304
0.281
0.214
0.334
0.271
0.223
0.426
0.298
0.234
0.313
0.246
0.293
0.265
0.31
0.267
0.261
0.233
0.305
0.233
0.286
0.225
0.324
0.234
0.263
0.253
0.244
0.325
0.382
0.265
0.334
0.27
0.366
0.26
0.217
0.3
0.295
0.438
0.276
0.293
0.337
0.256
0.267
0.398
0.291
0.239
0.315
0.371
0.301
0.204
0.345
0.348
0.331
0.352
0.291
0.218
0.28
0.298
0.302
0.255
0.215
0.291
0.257
0.281
0.272
0.445
0.351
0.252
0.295
0.263
0.215
0.334
0.312
0.268
0.253
0.26
0.324
0.272
0.353
0.238
0.227
0.343
0.272
0.21
0.312
0.328
0.382
0.284
0.246
0.271
0.339
0.353
0.279
0.244
0.297
