0.397
0.356
0.402
0.355
0.364
0.286
0.418
0.318
0.345
0.497
0.291
0.386
0.335
0.294
0.357
0.342
0.309
0.49
0.388
0.394
0.477
0.36
0.348
0.395
0.382
0.411
0.436
0.377
0.373
0.289
0.311
0.475
0.475
0.329
0.457
0.386
0.346
0.346
0.464
0.331
0.328
0.317
0.289
0.407
0.269
0.328
0.364
0.409
0.298
0.399
0.405
0.353
0.399
0.389
0.379
0.525
0.378
0.351
0.376
0.353
0.5
0.438
0.472
0.353
0.285
0.29
0.366
0.422
0.382
0.428
0.279
0.432
0.364
0.265
0.411
0.431
0.391
0.407
0.366
0.415
0.458
0.297
0.366
0.295
0.474
0.388
0.346
0.278
0.345
0.284
0.432
0.332
0.319
0.382
0.4
0.344
0.356
0.405
0.427
0.36
0.333
0.371
