0.898
0.801
0.715
0.739
0.85
0.756
0.709
0.767
0.855
0.956
0.914
0.764
0.779
0.841
0.857
0.74
0.848
0.872
0.712
0.765
0.768
0.863
0.956
0.706
0.662
0.795
0.834
0.794
0.754
0.825
0.856
0.794
0.699
0.802
0.883
0.732
0.765
0.763
0.81
0.79
0.758
0.847
0.668
0.755
0.822
0.881
0.845
0.77
0.767
0.742
0.693
0.831
0.741
0.704
0.922
0.848
0.849
0.888
0.808
0.859
0.693
0.663
0.846
0.715
0.724
0.756
0.886
0.788
0.685
0.726
0.971
0.712
0.827
0.979
0.724
0.736
0.976
0.732
0.942
0.694
0.693
0.814
0.911
0.85
0.725
0.77
0.742
0.769
0.731
0.822
0.765
0.761
0.949
0.762
0.756
0.787
0.815
0.804
0.697
0.773
0.883
0.901
