0.036
0.055
0.049
0.056
0.04
0.043
0.048
0.052
0.043
0.062
0.057
0.038
0.055
0.059
0.038
0.05
0.041
0.051
0.046
0.057
0.046
0.042
0.044
0.045
0.058
0.067
0.046
0.054
0.052
0.051
0.051
0.046
0.065
0.068
0.044
0.05
0.048
0.047
0.041
0.053
0.058
0.049
0.052
0.049
0.065
0.048
0.041
0.04
0.052
0.059
0.057
0.051
0.058
0.047
0.043
0.045
0.049
0.068
0.046
0.048
0.054
0.054
0.05
0.05
0.038
0.041
0.043
0.044
0.06
0.038
0.058
0.045
0.045
0.054
0.072
0.046
0.043
0.063
0.045
0.038
0.038
0.038
0.063
0.05
0.056
0.048
0.046
0.039
0.049
0.052
0.061
0.05
0.05
0.052
0.062
0.045
0.047
0.045
0.055
0.043
0.047
0.056
0.051
