0.043
0.055
0.052
0.043
0.053
0.037
0.047
0.046
0.041
0.039
0.043
0.038
0.054
0.062
0.044
0.046
0.047
0.036
0.043
0.051
0.049
0.05
0.04
0.045
0.035
0.048
0.034
0.052
0.048
0.033
0.041
0.046
0.048
0.047
0.042
0.034
0.044
0.047
0.043
0.041
0.042
0.049
0.043
0.045
0.057
0.049
0.039
0.039
0.058
0.048
0.041
0.045
0.042
0.041
0.043
0.049
0.05
0.05
0.046
0.039
0.042
0.048
0.038
0.038
0.046
0.048
0.052
0.039
0.043
0.046
0.05
0.048
0.049
0.048
0.042
0.049
0.093
0.046
0.046
0.039
0.049
0.048
0.057
0.04
0.041
0.053
0.038
0.034
0.055
0.048
0.054
0.053
0.047
0.036
0.061
0.049
0.048
0.056
0.045
0.047
0.045
0.045
0.038
