0.017
0.035
0.026
0.027
0.025
0.049
0.028
0.026
0.029
0.03
0.032
0.022
0.033
0.025
0.029
0.034
0.028
0.029
0.023
0.032
0.031
0.025
0.033
0.028
0.031
0.031
0.029
0.033
0.026
0.018
0.025
0.029
0.028
0.03
0.028
0.021
0.026
0.027
0.031
0.029
0.027
0.028
0.026
0.031
0.033
0.031
0.042
0.027
0.029
0.022
0.03
0.032
0.033
0.034
0.026
0.033
0.03
0.033
0.03
0.026
0.026
0.026
0.026
0.028
0.027
0.027
0.027
0.027
0.022
0.031
0.025
0.03
0.027
0.03
0.031
0.033
0.036
0.031
0.032
0.031
0.029
0.035
0.03
0.028
0.02
0.035
0.03
0.03
0.03
0.036
0.03
0.032
0.029
0.031
0.029
0.035
0.028
0.021
0.033
0.028
0.028
0.031
