0.056
0.075
0.046
0.072
0.08
0.041
0.053
0.068
0.057
0.059
0.06
0.163
0.076
0.055
0.063
0.074
0.042
0.067
0.076
0.046
0.054
0.059
0.058
0.055
0.069
0.047
0.051
0.073
0.039
0.054
0.059
0.061
0.053
0.066
0.078
0.061
0.058
0.108
0.064
0.095
0.058
0.048
0.053
0.036
0.066
0.055
0.102
0.053
0.052
0.065
0.063
0.06
0.054
0.113
0.061
0.063
0.068
0.059
0.062
0.059
0.098
0.073
0.074
0.081
0.048
0.061
0.063
0.071
0.072
0.054
0.064
0.064
0.055
0.054
0.062
0.042
0.064
0.145
0.054
0.056
0.038
0.054
0.059
0.068
0.118
0.055
0.064
0.045
0.061
0.059
0.061
0.08
0.07
0.064
0.059
0.096
0.055
0.057
0.055
0.071
0.06
0.055
