0.341
0.324
0.301
0.263
0.299
0.319
0.275
0.272
0.272
0.332
0.307
0.277
0.322
0.292
0.295
0.306
0.279
0.306
0.3
0.281
0.293
0.268
0.3
0.278
0.346
0.301
0.321
0.323
0.291
0.249
0.272
0.303
0.28
0.27
0.282
0.341
0.28
0.305
0.285
0.298
0.277
0.284
0.286
0.316
0.301
0.285
0.3
0.273
0.283
0.299
0.259
0.293
0.286
0.308
0.29
0.301
0.321
0.31
0.321
0.265
0.328
0.317
0.335
0.304
0.32
0.299
0.3
0.281
0.278
0.293
0.272
0.306
0.321
0.312
0.311
0.287
0.303
0.284
0.285
0.297
0.312
0.312
0.289
0.276
0.267
0.292
0.292
0.287
0.29
0.291
0.294
0.291
0.29
0.272
0.279
0.319
0.338
0.289
0.346
0.31
0.3
0.341
