1.011
0.926
0.91
0.901
0.896
0.89
0.864
0.863
0.858
0.938
0.914
0.964
0.918
0.912
0.962
0.986
1.154
0.987
1.098
1.091
1.182
1.081
1.062
1.024
1.144
1.034
1.108
1.043
1.105
1.264
1.298
1.208
1.391
1.067
1.115
1.178
1.072
1.119
0.943
1.142
1.261
1.072
1.189
1.184
1.2
1.105
1.11
1.12
1.334
1.151
1.33
1.241
1.378
1.22
1.422
1.249
1.342
1.202
1.34
1.19
1.288
1.223
1.279
1.19
1.377
1.179
1.294
1.262
1.43
1.242
1.34
1.265
1.361
1.355
1.447
1.454
1.415
1.441
1.468
1.579
1.358
1.552
1.298
1.442
1.332
1.388
1.451
1.398
1.433
1.474
1.505
1.382
1.532
1.382
1.486
1.357
1.461
1.55
1.441
1.517
1.492
1.411
1.558
