0.558
0.441
0.487
0.463
0.497
0.446
0.427
0.525
0.468
0.468
0.475
0.435
0.483
0.432
0.502
0.481
0.487
0.465
0.471
0.442
0.433
0.436
0.483
0.482
0.454
0.434
0.449
0.474
0.498
0.478
0.422
0.431
0.438
0.531
0.479
0.484
0.474
0.487
0.547
0.564
0.539
0.532
0.485
0.55
0.561
0.512
0.568
0.476
0.488
0.495
0.528
0.503
0.504
0.544
0.521
0.536
0.486
0.644
0.537
0.664
0.578
0.506
0.574
0.508
0.512
0.527
0.585
0.625
0.542
0.64
0.544
0.662
0.556
0.644
0.569
0.555
0.624
0.491
0.63
0.63
0.628
0.637
0.57
0.6
0.561
0.656
0.519
0.663
0.532
0.561
0.566
0.537
0.54
0.612
0.571
0.528
0.57
0.562
0.574
0.607
0.597
