1.999
2.013
1.808
1.866
1.873
1.747
1.979
1.82
1.792
1.706
1.831
1.824
1.984
1.948
1.658
1.824
1.724
1.883
1.678
2.01
1.932
1.734
1.981
1.992
2.055
2.062
2.113
1.813
1.898
2.117
1.953
2.201
2.019
2.292
1.94
1.964
2.285
2.012
2.084
2.033
2.118
2.035
2.157
2.279
2.125
2.102
2.007
2.145
2.225
2.044
2.047
2.332
2.267
2.011
2.328
2.133
2.172
2.099
2.264
2.265
2.204
2.035
1.978
2.025
2.034
1.991
2.25
2.238
2.216
2.251
2.153
2.107
2.115
2.106
2.132
2.193
2.388
2.158
2.239
2.288
2.306
2.442
2.241
2.412
2.195
2.429
2.477
2.327
2.331
2.414
2.257
2.403
2.42
2.575
2.402
2.474
2.397
2.587
2.299
2.636
2.094
2.432
