0.466
0.533
0.389
0.421
0.45
0.392
0.395
0.407
0.398
0.416
0.405
0.518
0.464
0.394
0.438
0.443
0.419
0.448
0.447
0.387
0.422
0.432
0.402
0.416
0.407
0.42
0.416
0.42
0.39
0.374
0.386
0.395
0.447
0.451
0.454
0.427
0.399
0.496
0.439
0.458
0.415
0.384
0.398
0.384
0.451
0.398
0.462
0.379
0.398
0.435
0.395
0.403
0.393
0.472
0.413
0.424
0.417
0.417
0.405
0.43
0.469
0.432
0.443
0.437
0.401
0.432
0.421
0.416
0.423
0.394
0.385
0.429
0.394
0.4
0.419
0.4
0.411
0.517
0.408
0.391
0.421
0.412
0.475
0.457
0.551
0.465
0.43
0.473
0.413
0.46
0.428
0.489
0.469
0.434
0.433
0.48
0.469
0.428
0.498
0.452
0.422
0.407
