0.425
0.36
0.363
0.352
0.37
0.398
0.365
0.379
0.348
0.386
0.349
0.389
0.36
0.398
0.364
0.342
0.367
0.339
0.346
0.35
0.329
0.351
0.384
0.343
0.349
0.338
0.316
0.38
0.361
0.297
0.33
0.351
0.381
0.366
0.355
0.377
0.354
0.383
0.361
0.387
0.343
0.345
0.39
0.355
0.403
0.372
0.381
0.366
0.383
0.371
0.368
0.348
0.367
0.373
0.359
0.394
0.369
0.386
0.356
0.446
0.372
0.373
0.376
0.354
0.414
0.369
0.38
0.397
0.341
0.397
0.355
0.398
0.386
0.35
0.336
0.344
0.4
0.396
0.362
0.351
0.393
0.351
0.393
0.349
0.386
0.378
0.354
0.345
0.388
0.396
0.381
0.366
0.395
0.345
0.397
0.337
0.402
0.369
0.351
0.406
0.335
0.401
0.408
