2.764
2.55
2.717
2.685
2.337
1.489
1.527
1.546
1.417
2.504
2.645
2.823
1.595
2.57
2.604
2.628
2.234
2.694
2.689
2.705
2.895
2.53
2.271
1.497
2.555
2.627
2.504
1.48
2.613
1.548
1.466
2.448
1.608
1.544
1.725
2.438
2.85
2.866
2.793
2.622
1.612
2.544
2.74
1.594
1.479
2.562
2.652
2.664
1.564
2.734
2.809
1.611
2.649
2.743
2.932
3.059
2.99
2.709
2.851
2.778
2.779
2.795
2.848
1.598
1.522
1.602
2.815
2.992
2.813
2.804
1.507
3.049
1.684
1.58
2.809
2.782
1.628
1.584
3.017
1.686
1.753
1.444
2.775
1.54
2.962
2.507
2.2
1.587
2.921
1.626
2.604
1.484
2.486
2.677
2.423
2.84
2.871
2.699
2.661
2.699
2.803
1.558
