1.187
1.003
0.931
1.025
1.045
1.081
0.914
0.998
1.006
1.021
0.957
1.027
0.948
1.068
0.957
0.977
1.033
1.102
1.083
0.959
1.088
1.088
1.029
1.011
1.2
1.123
1.067
1.042
1.029
1.151
1.176
1.062
0.968
1.141
1.104
1.15
1.116
1.179
1.159
1.074
1.188
1.088
1.401
1.2
1.314
1.193
1.334
1.2
1.224
1.129
1.277
1.182
1.24
1.203
1.213
1.254
1.23
1.257
1.17
1.474
1.354
1.396
1.381
1.465
1.333
1.353
1.173
1.498
1.514
1.392
1.419
1.47
1.524
1.341
1.545
1.5
1.428
1.324
1.539
1.373
1.427
1.447
1.446
1.41
1.349
1.716
1.491
1.586
1.483
1.407
1.461
1.452
1.44
1.427
1.585
1.541
1.502
1.416
1.678
1.613
1.694
1.576
1.661
1.525
