4.12
3.158
2.998
3.932
3.78
3.023
3.194
3.035
3.1
3.313
3.628
2.846
3.03
3.671
3.237
3.195
3.777
3.073
2.87
4.653
2.975
3.047
4.299
2.886
3.132
3.136
3.924
3.016
3.923
3.221
3.197
4.062
3.256
3.137
4.017
2.815
3.779
3.206
2.883
2.972
3.025
3.147
2.926
3.502
3.158
3.239
3.112
3.124
2.963
3.232
3.146
3.501
2.97
2.839
3.064
3.61
3.899
3.795
3.323
3.119
3.044
2.88
3.135
3.056
3.043
2.907
3.243
3.013
2.946
3.175
3.138
2.87
3.078
3.239
3.749
2.965
4.056
2.97
3.766
3.308
3.947
3.321
3.949
4.124
3.076
3.212
3.851
3.538
3.658
3.381
3.142
3.075
3.84
3.408
3.472
3.088
3.024
3.082
3.747
3.161
3.263
3.769
