3.811
3.324
3.254
3.448
4.627
4.17
4.549
4.619
3.476
5
4.345
4.673
4.696
4.665
3.638
4.161
4.738
4.001
4.958
3.814
3.577
4.72
4.133
3.516
3.59
3.75
5.018
4.254
4.596
4.606
4.97
4.444
4.87
4.898
4.358
4.903
4.267
3.798
4.641
4.144
3.659
3.716
4.157
4.702
4.79
5.007
4.304
3.49
3.658
3.597
3.46
4.718
3.559
3.494
4.907
4.264
4.757
4.036
4.211
4.055
5.288
4.289
4.943
4.874
4.604
5.444
4.596
4.796
5.183
3.94
5.224
4.995
3.998
4.27
3.985
5.094
5.201
4.781
5.289
4.517
4.944
5.205
3.865
3.891
4.337
5.755
5.239
5.159
5.437
5.584
4.024
4.889
4.251
5.572
3.882
5.03
4.301
4.648
5.555
3.871
