0.576
0.493
0.518
0.512
0.504
0.539
0.504
0.458
0.479
0.444
0.535
0.511
0.517
0.506
0.527
0.529
0.516
0.488
0.522
0.534
0.525
0.494
0.499
0.527
0.523
0.551
0.514
0.546
0.561
0.506
0.52
0.472
0.499
0.568
0.51
0.545
0.572
0.504
0.535
0.593
0.543
0.546
0.488
0.562
0.56
0.588
0.569
0.584
0.573
0.598
0.568
0.544
0.755
0.671
0.634
0.631
0.663
0.608
0.549
0.545
0.584
0.605
0.618
0.6
0.608
0.559
0.596
0.595
0.616
0.727
0.573
0.632
0.673
0.637
0.701
0.603
0.674
0.637
0.71
0.702
0.573
0.695
0.631
0.674
0.634
0.647
0.691
0.606
0.713
0.654
0.673
0.642
0.728
0.715
0.632
0.708
0.613
0.734
0.614
0.651
0.628
