1.053
0.917
0.84
0.901
0.88
0.902
0.912
0.845
0.945
0.893
0.923
0.968
0.916
0.933
0.914
0.89
0.914
0.971
1.012
1
1.046
0.974
1.091
1.119
1.136
1.09
1.126
1.104
1.08
1.078
1.235
1.103
1.149
1.048
1.171
1.113
0.969
1.137
1.039
1.079
1.104
1.106
1.184
1.079
1.035
0.956
1.11
1.168
1.039
1.205
1.185
1.195
1.049
1.205
1.07
1.157
1.326
1.195
1.127
1.145
1.142
1.275
1.111
1.22
1.179
1.266
1.364
1.275
1.27
1.274
1.336
1.277
1.425
1.289
1.358
1.16
1.389
1.284
1.431
1.314
1.411
1.354
1.372
1.278
1.458
1.334
1.447
1.32
1.373
1.414
1.547
1.578
1.494
1.564
1.529
1.367
1.452
1.601
1.479
1.609
1.611
