1.483
2.556
2.348
1.256
1.392
1.325
2.249
1.379
1.32
2.304
2.141
2.183
1.293
1.299
2.571
1.363
1.15
2.365
1.289
1.239
1.496
1.401
1.242
3.157
1.381
2.233
2.18
1.459
1.198
1.342
1.191
1.404
2.471
2.232
1.259
2.577
1.493
1.317
1.531
1.344
2.22
1.331
1.397
2.253
1.411
2.256
1.309
2.447
1.293
2.281
2.362
1.358
2.046
2.267
2.553
1.376
1.335
2.281
2.411
1.469
1.397
1.369
2.223
2.843
1.313
1.379
1.205
1.314
1.309
2.26
1.21
1.274
2.445
2.378
1.281
1.533
2.185
1.325
2.374
1.369
2.18
1.203
2.374
2.638
2.408
2.376
1.173
1.266
2.429
1.254
1.416
2.265
1.374
1.42
2.344
1.396
2.179
2.166
2.626
2.267
2.219
2.255
