0.678
0.644
0.545
0.624
0.582
0.58
0.57
0.601
0.528
0.536
0.563
0.509
0.517
0.56
0.588
0.604
0.627
0.543
0.541
0.557
0.582
0.593
0.58
0.548
0.585
0.608
0.612
0.594
0.579
0.614
0.603
0.609
0.593
0.607
0.63
0.528
0.625
0.584
0.646
0.628
0.573
0.646
0.588
0.62
0.585
0.69
0.629
0.649
0.599
0.604
0.524
0.631
0.71
0.611
0.74
0.685
0.624
0.572
0.613
0.67
0.765
0.674
0.758
0.831
0.722
0.678
0.631
0.713
0.691
0.734
0.711
0.725
0.701
0.841
0.695
0.661
0.701
0.732
0.788
0.628
0.703
0.71
0.703
0.63
0.701
0.668
0.714
0.764
0.698
0.578
0.646
0.656
0.695
0.664
0.63
0.598
0.687
0.648
0.709
0.658
0.628
0.716
0.631
0.738
0.699
