4.151
3.83
3.737
3.832
3.138
4.074
3.61
4.064
3.172
3.095
3.57
4.887
3.262
3.922
3.412
4.574
3.088
4.079
5.597
3.743
4.224
4.273
3.17
4.183
3.127
3.617
3.72
3.763
3.218
4.349
3.809
3.088
3.812
3.846
3.211
4.063
3.619
4.173
3.269
4.291
4.119
3.74
2.807
4.253
4.444
4.232
4.261
3.278
4.134
4.084
3.337
3.689
3.205
4.037
3.365
4.235
4.004
4.038
3.358
3
4.42
4.351
4.09
4.179
4.381
3.943
4.207
4.574
4.158
4.16
3.907
3.336
4.331
3.697
3.997
3.964
4.146
3.475
4.378
4.246
4.374
4.031
3.902
3.893
3.819
4.499
4.166
4.137
3.937
4.027
4.318
3.83
3.611
4.357
3.288
3.454
4.391
4.342
3.07
4.388
4.223
4.602
