2.31
2.251
2.178
2.277
1.487
2.48
2.228
2.526
1.633
1.471
1.993
3.36
1.508
2.411
1.807
2.96
1.565
2.349
3.669
2.282
2.392
2.516
1.593
2.579
1.723
2.148
2.032
2.338
1.841
2.634
2.173
1.592
2.324
2.189
1.664
2.438
2.162
2.358
1.765
2.83
2.262
2.157
1.464
2.498
2.803
2.585
2.422
1.721
2.478
2.622
1.648
2.191
1.673
2.482
1.809
2.586
2.301
2.494
1.79
1.507
2.741
2.63
2.283
2.435
2.747
2.389
2.492
2.703
2.435
2.165
2.271
1.711
2.817
2.141
2.362
2.312
2.222
1.886
2.59
2.405
2.762
2.272
2.338
2.272
2.098
2.753
2.513
2.433
2.208
2.505
2.334
2.018
2.063
2.692
1.801
1.846
2.681
2.672
1.611
2.53
2.572
2.902
