0.304
0.233
0.254
0.244
0.257
0.298
0.255
0.267
0.244
0.279
0.251
0.26
0.248
0.265
0.238
0.227
0.254
0.242
0.243
0.241
0.231
0.226
0.279
0.236
0.26
0.233
0.192
0.269
0.257
0.212
0.228
0.249
0.266
0.256
0.264
0.274
0.247
0.284
0.254
0.276
0.25
0.242
0.288
0.245
0.276
0.26
0.291
0.258
0.261
0.256
0.264
0.242
0.271
0.255
0.25
0.287
0.258
0.277
0.262
0.337
0.267
0.276
0.277
0.254
0.305
0.257
0.27
0.295
0.234
0.289
0.244
0.279
0.272
0.234
0.234
0.233
0.243
0.294
0.266
0.239
0.282
0.238
0.271
0.247
0.285
0.271
0.258
0.258
0.257
0.284
0.271
0.253
0.293
0.25
0.272
0.224
0.294
0.258
0.254
0.286
0.23
0.29
0.307
