0.444
0.326
0.372
0.36
0.395
0.345
0.336
0.396
0.381
0.368
0.359
0.344
0.351
0.332
0.355
0.378
0.386
0.322
0.354
0.351
0.329
0.33
0.364
0.359
0.355
0.322
0.347
0.35
0.364
0.368
0.318
0.339
0.332
0.421
0.368
0.4
0.361
0.378
0.43
0.445
0.413
0.403
0.373
0.419
0.426
0.393
0.436
0.363
0.362
0.4
0.408
0.384
0.389
0.419
0.403
0.413
0.371
0.543
0.423
0.534
0.47
0.414
0.428
0.407
0.395
0.427
0.47
0.498
0.434
0.515
0.431
0.566
0.443
0.511
0.462
0.417
0.516
0.376
0.502
0.524
0.518
0.511
0.46
0.499
0.442
0.547
0.438
0.526
0.408
0.447
0.471
0.418
0.421
0.522
0.46
0.409
0.447
0.444
0.45
0.5
0.468
