0.265
0.232
0.224
0.19
0.217
0.211
0.194
0.205
0.201
0.236
0.229
0.212
0.235
0.215
0.215
0.212
0.203
0.215
0.226
0.201
0.213
0.182
0.216
0.196
0.261
0.221
0.245
0.238
0.21
0.196
0.192
0.229
0.201
0.198
0.205
0.277
0.216
0.243
0.213
0.223
0.206
0.207
0.221
0.243
0.223
0.214
0.197
0.196
0.207
0.232
0.187
0.214
0.194
0.217
0.222
0.226
0.24
0.213
0.238
0.18
0.248
0.245
0.258
0.222
0.227
0.216
0.227
0.211
0.21
0.217
0.202
0.232
0.241
0.231
0.235
0.204
0.209
0.191
0.206
0.218
0.207
0.229
0.222
0.204
0.205
0.202
0.213
0.214
0.214
0.185
0.204
0.207
0.215
0.203
0.206
0.229
0.256
0.216
0.249
0.228
0.208
0.254
