0.822
1.942
1.768
0.771
0.704
0.682
1.691
0.824
0.691
1.636
1.647
1.588
0.745
0.807
1.842
0.771
0.64
1.781
0.74
0.658
0.947
0.791
0.675
2.616
0.848
1.638
1.682
0.885
0.693
0.749
0.684
0.865
1.942
1.716
0.662
1.885
0.885
0.689
0.947
0.714
1.631
0.843
0.794
1.688
0.69
1.672
0.663
1.824
0.744
1.722
1.612
0.774
1.534
1.66
1.883
0.73
0.845
1.615
1.787
0.868
0.752
0.754
1.657
2.263
0.729
0.788
0.69
0.78
0.738
1.696
0.647
0.733
1.714
1.731
0.747
0.973
1.649
0.826
1.749
0.734
1.59
0.67
1.791
2.031
1.843
1.732
0.636
0.753
1.697
0.698
0.923
1.683
0.715
0.718
1.757
0.854
1.629
1.532
1.955
1.697
1.7
1.658
