0.832
0.704
0.72
0.717
0.693
0.705
0.674
0.684
0.688
0.774
0.698
0.707
0.738
0.694
0.797
0.8
0.96
0.822
0.903
0.883
1.023
0.891
0.876
0.845
0.953
0.836
0.933
0.86
0.905
1.08
1.103
1.043
1.166
0.858
0.935
1.013
0.924
0.891
0.762
0.927
1.075
0.896
0.997
0.998
0.973
0.904
0.97
0.946
1.133
0.973
1.147
1.06
1.159
1.045
1.247
1.09
1.162
1.005
1.118
1.007
1.11
1.039
1.084
0.98
1.218
1.011
1.096
1.083
1.252
1.059
1.146
1.11
1.185
1.165
1.222
1.277
1.233
1.239
1.272
1.416
1.206
1.373
1.11
1.282
1.122
1.214
1.269
1.229
1.254
1.296
1.292
1.204
1.354
1.171
1.309
1.145
1.296
1.366
1.255
1.339
1.295
1.227
1.36
