0.886
0.71
0.689
0.766
0.709
0.712
0.76
0.66
0.808
0.692
0.772
0.823
0.74
0.759
0.76
0.73
0.737
0.79
0.856
0.812
0.89
0.822
0.952
0.96
0.992
0.886
0.958
0.959
0.897
0.885
1.067
0.931
0.942
0.907
0.991
0.94
0.813
0.969
0.891
0.933
0.948
0.922
1.025
0.921
0.82
0.795
0.948
0.994
0.827
1.019
1.027
1.016
0.896
1.033
0.905
0.976
1.171
1.049
0.989
0.975
0.966
1.102
0.893
1.058
1.003
1.104
1.212
1.098
1.082
1.11
1.136
1.119
1.26
1.108
1.189
0.968
1.25
1.086
1.274
1.114
1.223
1.195
1.209
1.135
1.27
1.165
1.277
1.181
1.211
1.221
1.355
1.42
1.32
1.403
1.359
1.198
1.285
1.44
1.329
1.438
1.457
