0.418
0.371
0.371
0.384
0.373
0.389
0.334
0.335
0.369
0.324
0.379
0.388
0.37
0.359
0.352
0.38
0.352
0.371
0.371
0.38
0.382
0.355
0.361
0.385
0.384
0.412
0.387
0.419
0.423
0.382
0.401
0.352
0.32
0.428
0.37
0.394
0.427
0.384
0.4
0.469
0.412
0.407
0.354
0.42
0.437
0.443
0.415
0.44
0.417
0.406
0.418
0.394
0.613
0.561
0.464
0.466
0.519
0.481
0.418
0.41
0.416
0.483
0.454
0.445
0.446
0.428
0.44
0.462
0.454
0.601
0.43
0.498
0.531
0.507
0.571
0.459
0.54
0.483
0.583
0.545
0.431
0.552
0.495
0.532
0.486
0.51
0.533
0.467
0.59
0.522
0.508
0.53
0.581
0.548
0.475
0.573
0.481
0.588
0.492
0.477
0.496
