2.383
1.551
1.615
2.404
2.191
1.632
1.701
1.596
1.541
1.635
2.023
1.482
1.624
2.15
1.608
1.789
2.303
1.515
1.49
3.169
1.553
1.522
2.56
1.491
1.793
1.671
2.461
1.488
2.486
1.73
1.695
2.65
1.855
1.652
2.376
1.43
2.311
1.73
1.423
1.48
1.592
1.557
1.572
1.946
1.691
1.682
1.539
1.606
1.542
1.715
1.698
2.024
1.602
1.501
1.476
2.084
2.352
2.233
1.888
1.569
1.641
1.61
1.634
1.659
1.6
1.522
1.731
1.527
1.528
1.74
1.512
1.393
1.597
1.624
2.348
1.552
2.427
1.576
2.186
1.871
2.547
1.861
2.349
2.56
1.642
1.77
2.437
2.069
2.256
1.874
1.749
1.613
2.264
1.949
2.03
1.624
1.522
1.608
2.376
1.651
1.681
2.238
