0.504
0.421
0.401
0.453
0.412
0.419
0.368
0.457
0.364
0.399
0.404
0.353
0.362
0.398
0.412
0.409
0.459
0.405
0.392
0.395
0.402
0.4
0.444
0.381
0.421
0.431
0.466
0.386
0.407
0.451
0.416
0.401
0.41
0.419
0.485
0.398
0.445
0.44
0.501
0.461
0.434
0.462
0.432
0.444
0.408
0.543
0.467
0.46
0.441
0.451
0.365
0.467
0.539
0.462
0.546
0.5
0.454
0.406
0.469
0.526
0.601
0.503
0.584
0.604
0.539
0.524
0.44
0.582
0.496
0.565
0.534
0.56
0.529
0.661
0.538
0.478
0.558
0.5
0.578
0.455
0.564
0.508
0.567
0.482
0.533
0.518
0.541
0.579
0.542
0.436
0.475
0.459
0.506
0.516
0.466
0.454
0.512
0.494
0.555
0.526
0.447
0.553
0.469
0.564
0.537
