1.369
1.337
1.224
1.277
1.291
1.084
1.212
1.094
1.158
1.128
1.157
1.141
1.165
1.351
1.086
1.209
1.177
1.217
1.106
1.319
1.212
1.135
1.292
1.233
1.441
1.519
1.425
1.242
1.332
1.344
1.399
1.397
1.393
1.505
1.309
1.394
1.704
1.366
1.493
1.347
1.433
1.445
1.456
1.548
1.38
1.441
1.453
1.438
1.509
1.401
1.418
1.704
1.617
1.44
1.489
1.438
1.499
1.455
1.668
1.642
1.575
1.401
1.401
1.471
1.434
1.408
1.659
1.54
1.487
1.471
1.611
1.528
1.537
1.509
1.438
1.444
1.565
1.536
1.587
1.594
1.741
1.793
1.525
1.807
1.589
1.782
1.849
1.61
1.592
1.722
1.614
1.872
1.772
1.93
1.793
1.709
1.771
1.885
1.608
1.975
1.527
1.858
