2.119
1.874
1.731
1.718
2.824
2.378
2.844
3.011
2.019
3.291
2.8
3.092
3.042
3.025
2.129
2.339
3.181
2.435
3.216
2.171
2.058
3.009
2.377
1.997
1.987
2.178
3.378
2.618
2.805
2.965
2.662
2.551
2.981
3.019
2.852
3.171
2.66
2.224
2.959
2.488
2.165
2.266
2.437
2.925
2.87
3.239
2.492
1.964
2.097
2.024
1.942
3.033
2.157
2.067
2.949
2.818
3.012
2.424
2.693
2.381
3.527
2.696
3.197
3.187
2.812
3.447
2.955
3.041
3.463
2.381
3.273
3.253
2.283
2.546
2.377
3.275
3.51
2.801
3.301
2.678
3.008
3.27
2.345
2.362
2.669
4.025
3.165
3.11
3.498
3.675
2.329
3.012
2.584
3.587
2.254
3.323
2.776
2.857
3.623
2.327
