0.323
0.327
0.273
0.261
0.293
0.279
0.26
0.251
0.258
0.284
0.252
0.26
0.29
0.265
0.3
0.272
0.302
0.303
0.29
0.27
0.292
0.297
0.263
0.274
0.27
0.283
0.282
0.275
0.291
0.248
0.256
0.252
0.321
0.303
0.291
0.291
0.261
0.295
0.264
0.261
0.267
0.257
0.267
0.262
0.282
0.259
0.265
0.252
0.268
0.272
0.263
0.268
0.265
0.259
0.273
0.282
0.265
0.281
0.261
0.262
0.286
0.269
0.265
0.256
0.27
0.281
0.278
0.275
0.265
0.269
0.246
0.264
0.272
0.266
0.269
0.297
0.264
0.281
0.273
0.254
0.313
0.269
0.324
0.285
0.355
0.319
0.282
0.329
0.26
0.324
0.273
0.324
0.299
0.291
0.304
0.297
0.31
0.291
0.338
0.313
0.292
0.277
