2.029
1.919
2.017
2.023
1.679
0.91
0.831
0.87
0.789
1.665
2.071
2.128
0.932
1.979
1.947
2.026
1.627
1.863
1.991
2.011
2.1
1.878
1.646
0.78
1.881
1.92
1.752
0.827
1.951
0.973
0.853
1.665
0.839
0.929
0.854
1.766
2.221
2.241
1.997
1.965
0.917
1.941
2.169
0.892
0.921
1.967
1.991
1.933
0.98
2.012
2.112
0.966
1.959
2.051
2.227
2.225
2.29
2.075
2.159
2.11
1.972
2.043
2.071
0.958
0.922
0.988
2.139
2.266
2.133
2.09
0.931
2.247
1.042
1.014
2.108
2.028
0.944
0.862
2.362
0.967
0.927
0.847
2.042
0.959
2.2
1.848
1.522
1.037
2.271
1.068
1.882
0.87
1.884
1.948
1.718
2.215
2.221
1.985
1.948
2.04
2.185
0.86
