0.981
0.739
0.681
0.832
0.812
0.842
0.732
0.799
0.768
0.834
0.752
0.823
0.732
0.858
0.78
0.783
0.827
0.873
0.835
0.792
0.88
0.861
0.829
0.82
0.972
0.887
0.881
0.852
0.838
0.966
0.968
0.804
0.792
0.942
0.848
0.887
0.925
0.937
0.905
0.877
0.977
0.841
1.192
1.008
1.104
0.993
1.155
0.994
0.977
0.946
0.989
0.984
0.931
0.98
1.033
1.04
0.995
1.074
0.974
1.232
1.134
1.158
1.166
1.26
1.107
1.14
0.995
1.259
1.25
1.148
1.218
1.247
1.258
1.128
1.322
1.27
1.241
1.124
1.354
1.14
1.244
1.251
1.24
1.19
1.166
1.466
1.279
1.389
1.284
1.214
1.262
1.238
1.212
1.186
1.343
1.301
1.328
1.219
1.495
1.397
1.49
1.313
1.4
1.31
