0.028
0.019
0.019
0.016
0.016
0.017
0.017
0.017
0.018
0.031
0.016
0.019
0.017
0.021
0.02
0.016
0.016
0.033
0.016
0.016
0.018
0.023
0.021
0.018
0.017
0.019
0.016
0.019
0.017
0.013
0.02
0.014
0.022
0.018
0.016
0.016
0.015
0.013
0.015
0.016
0.014
0.019
0.015
0.014
0.016
0.014
0.021
0.015
0.018
0.015
0.015
0.016
0.017
0.017
0.016
0.018
0.015
0.032
0.016
0.02
0.025
0.015
0.019
0.025
0.028
0.018
0.015
0.016
0.016
0.013
0.015
0.014
0.021
0.016
0.014
0.015
0.017
0.023
0.014
0.016
0.024
0.014
0.016
0.015
0.014
0.018
0.018
0.013
0.014
0.022
0.026
0.019
0.015
0.014
0.015
0.021
0.018
0.021
0.018
0.017
0.017
0.017
