0.046
0.018
0.013
0.017
0.036
0.017
0.017
0.012
0.02
0.012
0.016
0.086
0.019
0.019
0.02
0.036
0.026
0.023
0.017
0.014
0.017
0.038
0.019
0.014
0.018
0.02
0.026
0.016
0.023
0.019
0.018
0.014
0.032
0.023
0.02
0.014
0.015
0.055
0.022
0.023
0.016
0.017
0.016
0.02
0.017
0.014
0.016
0.016
0.015
0.015
0.013
0.014
0.035
0.016
0.012
0.013
0.019
0.012
0.014
0.013
0.013
0.032
0.022
0.017
0.016
0.028
0.018
0.024
0.018
0.022
0.025
0.024
0.014
0.021
0.031
0.026
0.033
0.024
0.03
0.021
0.016
0.016
0.014
0.013
0.021
0.017
0.018
0.016
0.026
0.013
0.015
0.021
0.015
0.022
0.016
0.013
0.018
0.017
0.023
0.017
0.014
0.024
0.017
