0.025
0.017
0.02
0.016
0.014
0.01
0.015
0.025
0.01
0.011
0.016
0.012
0.023
0.013
0.014
0.021
0.014
0.041
0.026
0.011
0.012
0.021
0.013
0.021
0.017
0.014
0.01
0.014
0.018
0.012
0.017
0.016
0.014
0.014
0.013
0.011
0.012
0.02
0.022
0.022
0.023
0.022
0.014
0.031
0.023
0.03
0.018
0.021
0.021
0.012
0.017
0.019
0.018
0.012
0.031
0.011
0.011
0.011
0.012
0.018
0.02
0.02
0.041
0.018
0.031
0.011
0.02
0.017
0.024
0.015
0.017
0.015
0.025
0.016
0.014
0.021
0.015
0.025
0.015
0.012
0.013
0.015
0.023
0.013
0.015
0.015
0.011
0.022
0.029
0.019
0.011
0.03
0.015
0.011
0.013
0.023
0.012
0.026
0.021
0.012
0.025
