0.066
0.031
0.03
0.046
0.04
0.043
0.035
0.05
0.033
0.072
0.029
0.042
0.047
0.044
0.045
0.029
0.043
0.041
0.036
0.028
0.033
0.032
0.03
0.054
0.035
0.04
0.039
0.03
0.036
0.035
0.045
0.029
0.04
0.039
0.032
0.035
0.037
0.031
0.032
0.037
0.038
0.032
0.034
0.042
0.042
0.033
0.033
0.026
0.027
0.034
0.041
0.029
0.036
0.029
0.032
0.033
0.05
0.03
0.048
0.046
0.039
0.034
0.049
0.03
0.038
0.055
0.038
0.031
0.029
0.033
0.031
0.042
0.032
0.035
0.031
0.049
0.03
0.046
0.036
0.031
0.036
0.044
0.045
0.036
0.026
0.033
0.039
0.032
0.042
0.032
0.031
0.038
0.026
0.033
0.034
0.03
0.03
0.037
0.034
0.044
0.03
0.048
