0.034
0.029
0.028
0.025
0.015
0.019
0.013
0.026
0.032
0.015
0.02
0.021
0.018
0.017
0.019
0.016
0.028
0.022
0.034
0.018
0.016
0.014
0.015
0.019
0.017
0.023
0.026
0.025
0.019
0.019
0.018
0.016
0.016
0.032
0.017
0.018
0.016
0.019
0.022
0.016
0.013
0.017
0.02
0.022
0.017
0.017
0.018
0.014
0.014
0.014
0.019
0.014
0.023
0.012
0.013
0.019
0.024
0.017
0.014
0.034
0.028
0.021
0.033
0.02
0.02
0.016
0.015
0.032
0.017
0.022
0.017
0.02
0.021
0.023
0.016
0.02
0.018
0.017
0.014
0.014
0.018
0.017
0.029
0.023
0.022
0.016
0.025
0.023
0.029
0.021
0.016
0.023
0.018
0.017
0.021
0.026
0.021
0.023
0.021
0.024
0.02
0.025
0.029
0.017
