0.053
0.035
0.03
0.041
0.031
0.04
0.029
0.033
0.045
0.033
0.033
0.044
0.043
0.042
0.032
0.038
0.036
0.032
0.031
0.037
0.041
0.05
0.034
0.034
0.035
0.037
0.032
0.03
0.038
0.033
0.029
0.054
0.033
0.033
0.045
0.048
0.028
0.028
0.033
0.036
0.034
0.053
0.064
0.047
0.04
0.045
0.039
0.043
0.04
0.027
0.03
0.039
0.033
0.042
0.051
0.026
0.038
0.035
0.033
0.035
0.042
0.031
0.036
0.03
0.032
0.046
0.026
0.044
0.03
0.041
0.042
0.032
0.035
0.041
0.053
0.043
0.034
0.033
0.029
0.035
0.038
0.048
0.039
0.028
0.027
0.045
0.03
0.037
0.032
0.041
0.049
0.034
0.036
0.031
0.045
0.041
0.045
0.052
0.052
0.053
0.034
0.038
