0.119
0.083
0.074
0.066
0.087
0.063
0.074
0.087
0.081
0.069
0.068
0.06
0.067
0.081
0.086
0.081
0.065
0.094
0.088
0.108
0.079
0.101
0.063
0.085
0.092
0.087
0.078
0.063
0.103
0.081
0.064
0.064
0.08
0.096
0.114
0.076
0.079
0.107
0.093
0.077
0.083
0.075
0.094
0.092
0.066
0.077
0.089
0.068
0.068
0.1
0.124
0.074
0.062
0.094
0.071
0.099
0.082
0.086
0.062
0.084
0.096
0.064
0.1
0.086
0.11
0.07
0.063
0.101
0.116
0.064
0.073
0.083
0.086
0.06
0.087
0.08
0.079
0.074
0.092
0.063
0.082
0.064
0.082
0.095
0.091
0.084
0.073
0.086
0.066
0.088
0.079
0.09
0.065
0.087
0.064
0.066
0.107
0.093
0.077
0.087
0.095
0.068
