0.098
0.07
0.107
0.088
0.099
0.061
0.071
0.057
0.063
0.077
0.064
0.065
0.077
0.061
0.066
0.083
0.064
0.054
0.066
0.068
0.239
0.074
0.064
0.074
0.07
0.072
0.069
0.063
0.063
0.08
0.061
0.056
0.073
0.058
0.101
0.078
0.065
0.061
0.078
0.066
0.317
0.062
0.072
0.087
0.069
0.092
0.082
0.066
0.1
0.067
0.064
0.078
0.105
0.065
0.07
0.058
0.072
0.089
0.071
0.082
0.066
0.074
0.103
0.071
0.066
0.076
0.065
0.1
0.073
0.066
0.063
0.079
0.065
0.097
0.082
0.064
0.252
0.072
0.086
0.091
0.076
0.068
0.085
0.082
0.058
0.071
0.059
0.088
0.064
0.096
0.331
0.068
0.073
0.06
0.078
0.069
0.071
0.066
0.079
0.086
0.06
0.069
