0.038
0.013
0.017
0.018
0.02
0.014
0.015
0.026
0.033
0.019
0.016
0.021
0.014
0.019
0.012
0.012
0.015
0.011
0.011
0.017
0.016
0.011
0.012
0.019
0.033
0.014
0.012
0.024
0.023
0.014
0.014
0.018
0.02
0.021
0.023
0.013
0.014
0.013
0.012
0.016
0.012
0.012
0.014
0.014
0.014
0.013
0.024
0.019
0.026
0.013
0.012
0.022
0.014
0.015
0.022
0.02
0.018
0.022
0.012
0.016
0.017
0.011
0.021
0.021
0.019
0.017
0.027
0.013
0.013
0.013
0.02
0.014
0.03
0.025
0.02
0.017
0.013
0.02
0.017
0.015
0.013
0.016
0.021
0.01
0.016
0.014
0.022
0.019
0.014
0.013
0.026
0.019
0.04
0.021
0.021
0.019
0.012
0.017
0.012
0.011
0.014
0.027
0.014
0.029
0.02
