0.087
0.066
0.068
0.067
0.099
0.063
0.064
0.063
0.064
0.065
0.074
0.053
0.062
0.06
0.088
0.068
0.069
0.092
0.091
0.064
0.073
0.058
0.068
0.061
0.062
0.065
0.059
0.068
0.065
0.065
0.061
0.06
0.086
0.063
0.057
0.076
0.056
0.064
0.071
0.068
0.066
0.06
0.089
0.08
0.072
0.065
0.083
0.08
0.088
0.061
0.074
0.064
0.068
0.063
0.053
0.062
0.071
0.061
0.062
0.061
0.063
0.063
0.099
0.061
0.095
0.09
0.062
0.069
0.072
0.063
0.066
0.07
0.083
0.065
0.088
0.056
0.066
0.066
0.107
0.073
0.068
0.068
0.064
0.061
0.071
0.078
0.082
0.081
0.074
0.081
0.069
0.072
0.069
0.069
0.065
0.07
0.089
0.066
0.067
0.065
