0.028
0.026
0.02
0.019
0.014
0.02
0.018
0.02
0.018
0.017
0.021
0.022
0.023
0.019
0.019
0.017
0.016
0.016
0.017
0.019
0.02
0.016
0.019
0.019
0.013
0.022
0.022
0.016
0.016
0.017
0.014
0.019
0.017
0.023
0.019
0.015
0.016
0.015
0.03
0.021
0.023
0.018
0.031
0.024
0.019
0.014
0.02
0.021
0.022
0.021
0.015
0.015
0.015
0.023
0.02
0.014
0.015
0.02
0.019
0.03
0.021
0.018
0.018
0.021
0.027
0.025
0.018
0.016
0.017
0.019
0.016
0.017
0.015
0.015
0.021
0.017
0.016
0.016
0.017
0.022
0.023
0.019
0.02
0.017
0.017
0.032
0.02
0.018
0.03
0.017
0.015
0.018
0.019
0.022
0.016
0.019
0.02
0.018
0.017
0.015
0.018
0.016
