0.028
0.015
0.026
0.012
0.023
0.015
0.018
0.011
0.012
0.02
0.016
0.012
0.017
0.013
0.03
0.016
0.017
0.013
0.021
0.016
0.023
0.011
0.014
0.015
0.013
0.012
0.01
0.011
0.02
0.018
0.014
0.013
0.02
0.016
0.018
0.017
0.014
0.014
0.017
0.013
0.012
0.023
0.02
0.023
0.013
0.016
0.013
0.021
0.014
0.021
0.012
0.018
0.013
0.018
0.024
0.023
0.021
0.01
0.014
0.021
0.028
0.032
0.023
0.028
0.037
0.022
0.015
0.018
0.017
0.013
0.022
0.02
0.015
0.025
0.017
0.013
0.011
0.014
0.011
0.011
0.017
0.016
0.018
0.013
0.015
0.014
0.022
0.015
0.012
0.017
0.023
0.012
0.012
0.039
0.027
0.016
0.011
0.019
0.022
0.018
0.02
