0.025
0.019
0.016
0.023
0.018
0.021
0.019
0.017
0.025
0.02
0.016
0.034
0.016
0.019
0.021
0.019
0.018
0.019
0.026
0.018
0.014
0.019
0.018
0.019
0.015
0.017
0.043
0.014
0.016
0.019
0.023
0.015
0.019
0.02
0.016
0.017
0.018
0.013
0.017
0.018
0.015
0.014
0.018
0.019
0.019
0.015
0.015
0.02
0.015
0.021
0.018
0.015
0.014
0.027
0.018
0.014
0.023
0.015
0.015
0.028
0.019
0.016
0.018
0.026
0.017
0.019
0.015
0.018
0.019
0.015
0.019
0.019
0.018
0.016
0.018
0.02
0.014
0.021
0.016
0.025
0.018
0.018
0.021
0.017
0.016
0.017
0.02
0.016
0.025
0.017
0.015
0.017
0.017
0.02
0.017
0.02
0.017
0.018
0.015
0.019
0.016
0.02
0.019
