0.067
0.034
0.034
0.035
0.042
0.04
0.038
0.04
0.053
0.055
0.047
0.036
0.047
0.05
0.051
0.04
0.037
0.036
0.047
0.05
0.034
0.056
0.058
0.046
0.049
0.044
0.038
0.046
0.036
0.031
0.046
0.044
0.043
0.041
0.036
0.042
0.037
0.06
0.046
0.033
0.04
0.042
0.048
0.03
0.038
0.053
0.046
0.051
0.057
0.057
0.034
0.046
0.043
0.05
0.054
0.039
0.045
0.037
0.042
0.043
0.052
0.047
0.05
0.048
0.048
0.039
0.036
0.032
0.042
0.042
0.037
0.034
0.029
0.044
0.046
0.039
0.034
0.041
0.048
0.033
0.038
0.043
0.046
0.043
0.05
0.029
0.044
0.042
0.043
0.033
0.048
0.039
0.043
0.044
0.032
0.055
0.039
0.046
0.039
0.045
0.037
0.036
