0.039
0.047
0.023
0.012
0.034
0.023
0.012
0.027
0.017
0.02
0.016
0.012
0.02
0.015
0.015
0.014
0.018
0.012
0.021
0.011
0.018
0.013
0.013
0.014
0.012
0.02
0.018
0.012
0.019
0.025
0.014
0.017
0.025
0.017
0.03
0.028
0.02
0.021
0.023
0.02
0.012
0.014
0.021
0.023
0.024
0.014
0.027
0.018
0.015
0.023
0.02
0.017
0.014
0.017
0.012
0.018
0.017
0.012
0.011
0.013
0.02
0.017
0.048
0.021
0.027
0.014
0.014
0.017
0.019
0.044
0.023
0.024
0.015
0.017
0.016
0.028
0.011
0.023
0.02
0.028
0.02
0.022
0.013
0.017
0.021
0.015
0.019
0.012
0.014
0.017
0.022
0.014
0.018
0.015
0.025
0.013
0.02
0.019
0.021
0.016
0.013
