0.671
0.824
0.564
0.641
0.802
0.75
0.608
0.557
0.541
0.672
0.591
0.686
0.679
0.605
0.687
0.699
0.71
0.771
0.626
0.545
0.894
0.777
0.714
0.571
0.696
0.816
0.612
0.655
0.606
0.559
0.747
0.665
0.732
0.785
0.794
0.718
0.631
0.696
0.653
0.623
0.661
0.821
0.789
0.789
0.737
0.522
0.595
0.741
0.707
0.652
0.743
0.769
0.563
0.617
0.598
0.724
0.68
0.728
0.785
0.87
0.591
0.731
0.786
0.728
0.659
0.693
0.722
0.757
0.719
0.713
0.497
0.576
0.642
0.67
0.707
0.853
0.718
0.737
0.756
0.76
0.539
0.635
0.782
0.849
0.697
0.655
0.712
0.8
0.737
0.673
0.68
0.622
0.759
0.801
0.713
0.743
0.582
0.737
0.652
0.595
0.573
0.516
0.618
