0.862
0.706
0.846
0.758
0.72
0.724
0.744
0.608
0.671
0.721
0.734
0.736
0.82
0.681
0.702
0.792
0.753
0.63
0.728
0.677
0.501
0.656
0.733
0.729
0.699
0.695
0.751
0.759
0.707
0.844
0.594
0.548
0.579
0.678
0.837
0.71
0.531
0.501
0.61
0.615
0.708
0.667
0.616
0.561
0.795
0.723
0.714
0.656
0.766
0.539
0.625
0.67
0.638
0.802
0.783
0.729
0.682
0.722
0.701
0.73
0.808
0.867
0.633
0.515
0.644
0.547
0.646
0.697
0.572
0.634
0.713
0.579
0.512
0.671
0.837
0.833
0.801
0.664
0.635
0.71
0.729
0.696
0.62
0.615
0.654
0.648
0.565
0.93
0.909
0.754
0.529
0.592
0.781
0.548
0.776
0.783
0.704
0.722
0.724
0.651
0.651
0.759
0.666
