0.708
0.746
0.628
0.634
0.649
0.676
0.628
0.713
0.64
0.75
0.766
0.684
0.656
0.736
0.641
0.633
0.7
0.59
0.799
0.748
0.721
0.626
0.587
0.675
0.658
0.733
0.547
0.625
0.724
0.655
0.545
0.623
0.601
0.63
0.627
0.609
0.648
0.555
0.529
0.518
0.745
0.694
0.62
0.673
0.612
0.626
0.578
0.572
0.64
0.673
0.629
0.621
0.767
0.587
0.608
0.591
0.574
0.603
0.695
0.631
0.804
0.808
0.611
0.657
0.673
0.708
0.728
0.623
0.724
0.596
0.712
0.696
0.651
0.649
0.54
0.641
0.535
0.528
0.766
0.568
0.631
0.579
0.648
0.62
0.541
0.683
0.607
0.69
0.635
0.639
0.654
0.743
0.746
0.754
0.766
0.664
0.631
0.603
0.552
0.642
