3.898
3.574
3.902
2.886
2.536
3.554
3.858
2.529
2.419
3.408
2.566
3.63
3.719
2.665
3.717
2.604
2.627
3.393
3.413
2.986
2.423
4.038
2.688
5.054
2.666
3.757
3.679
3.777
3.588
3.55
3.897
2.84
3.398
3.451
4.203
3.939
2.833
2.939
2.686
2.739
2.854
3.074
2.968
2.772
4.067
3.737
2.915
3.731
3.005
2.764
3.801
3.745
3.092
4.317
3.98
3.059
4.078
3.877
3.767
4.299
4.305
3.106
3.675
2.818
3.963
3.577
3.014
4.092
4.241
3.784
4.045
3.188
3.113
4.327
4.208
3.246
4.181
3.854
2.965
4.25
4.453
3.103
4.385
4.016
3.33
3.912
3.14
4.545
4.211
3.411
3.016
3.903
4.267
3.132
3.119
3.19
3.157
4.369
4.394
3.108
3.909
4.237
4.332
