3.78
3.692
3.639
3.713
3.595
3.755
3.688
3.772
3.767
3.706
3.676
3.857
3.747
3.784
3.723
3.73
3.737
3.615
3.781
4.386
3.951
3.621
3.668
3.933
3.765
3.796
3.618
3.733
3.934
3.799
3.807
3.899
3.866
3.95
3.823
3.828
3.948
3.807
3.902
3.899
4.124
4.037
3.881
3.948
3.967
4.055
3.953
4.095
3.9
4.035
3.95
4.065
4.16
4.047
3.88
4.04
3.728
3.889
4.139
3.914
4.134
4.048
4.005
4.03
4.145
4.342
4.481
3.922
4.137
4.121
4.214
4.045
3.997
4.222
4.132
4.086
4.059
3.919
4.453
3.951
4.397
4.109
4.303
4.211
4.204
4.329
4.424
4.198
4.383
4.129
4.126
4.275
4.466
4.321
4.395
4.039
4.019
4.257
4.18
4.266
