2.986
3.846
3.413
3.777
3.537
3.5
3.612
3.565
3.715
3.211
3.354
3.158
3.059
3.077
3.706
3.819
3.553
2.779
2.419
2.917
4.059
4.025
4.05
3.379
4.06
4.176
3.528
2.808
3.511
2.949
4.148
4.116
4.05
4.279
3.654
3.735
3.114
3.923
4.22
2.747
2.936
4.158
3.031
3.866
3.917
2.733
3.229
3.13
2.88
2.891
4.253
4.329
2.604
3.598
2.928
3.59
3.99
4.172
3.12
3.098
3.051
4.04
3.961
4.032
2.875
2.991
4.187
4.134
3.957
4.141
3.157
3.266
4.34
4.488
3.312
3.949
4.051
4.721
4.011
3.946
3.065
4.372
4.249
4.368
3.5
3.314
4.526
4.543
4.276
3.192
4.053
4.095
4.48
4.289
4.522
4.11
3.378
4.279
3.42
3.262
3.14
3.345
4.113
