2.559
2.266
2.51
1.63
1.333
2.399
2.648
1.412
1.321
2.246
1.353
2.436
2.384
1.448
2.563
1.359
1.432
2.304
2.229
1.86
1.519
2.941
1.401
3.77
1.431
2.488
2.369
2.511
2.453
2.229
2.864
1.855
2.334
2.323
2.93
2.788
1.813
1.973
1.616
1.687
1.671
1.881
1.763
1.64
2.752
2.567
1.689
2.573
1.775
1.774
2.567
2.591
1.781
3.046
2.764
1.887
2.942
2.598
2.629
3.117
3.048
1.808
2.566
1.864
2.859
2.592
1.797
2.912
3.205
2.662
2.887
2.076
2.101
3.099
2.914
1.956
2.933
2.551
1.894
3.08
3.265
1.909
3.207
2.787
2.184
2.799
2.092
3.133
2.855
2.14
1.989
2.867
3.021
2.025
1.861
1.913
1.965
3.159
3.164
1.988
2.729
3.022
3.14
