1.705
2.553
2.38
2.67
2.245
2.269
2.479
2.542
2.701
2.093
2.278
1.962
1.893
2.02
2.54
2.573
2.233
1.457
1.295
1.874
2.632
2.767
2.734
2.362
2.894
2.828
2.452
1.695
2.472
1.921
2.913
2.933
2.804
2.958
2.345
2.534
1.928
2.738
3.055
1.678
1.767
2.741
1.736
2.594
2.59
1.712
2.142
1.802
1.723
1.768
2.998
2.997
1.562
2.501
1.803
2.384
2.824
2.939
1.895
1.744
1.966
2.845
2.652
2.673
1.735
1.807
2.956
2.857
2.672
2.936
2.204
2.152
3.158
3.266
2.066
2.624
2.858
3.436
2.73
2.597
2.034
3.274
2.979
3.02
2.292
2.141
3.212
3.252
3.061
2.064
2.782
2.889
3.245
3.003
3.106
2.799
2.303
2.993
2.259
2.204
2.078
2.37
3.005
