2.462
2.347
2.462
2.543
2.392
2.438
2.441
2.465
2.572
2.422
2.358
2.56
2.554
2.486
2.466
2.535
2.482
2.473
2.426
3.06
2.669
2.439
2.54
2.673
2.537
2.52
2.488
2.544
2.682
2.557
2.707
2.708
2.701
2.778
2.608
2.661
2.712
2.697
2.76
2.841
2.826
2.797
2.677
2.68
2.784
2.844
2.804
2.918
2.718
2.788
2.773
2.86
2.832
2.9
2.743
2.9
2.615
2.743
2.78
2.743
2.761
2.636
2.838
2.795
2.922
3.068
3.079
2.739
2.69
2.956
2.788
2.806
2.781
2.991
3.033
2.87
2.963
2.859
3.104
2.849
3.194
2.985
3.074
2.982
3.009
3.095
3.157
2.959
3.08
2.93
2.93
2.982
2.968
3.038
3.086
2.833
2.83
3.036
3.05
2.942
