0.034
0.017
0.018
0.013
0.013
0.014
0.014
0.014
0.013
0.014
0.015
0.013
0.012
0.014
0.022
0.013
0.02
0.018
0.018
0.019
0.013
0.014
0.013
0.013
0.014
0.014
0.014
0.014
0.013
0.014
0.015
0.015
0.014
0.015
0.014
0.013
0.015
0.013
0.013
0.014
0.014
0.015
0.022
0.018
0.017
0.013
0.012
0.013
0.013
0.014
0.014
0.013
0.013
0.013
0.015
0.014
0.013
0.015
0.013
0.013
0.013
0.014
0.015
0.014
0.019
0.016
0.021
0.019
0.02
0.016
0.016
0.017
0.03
0.015
0.015
0.015
0.017
0.015
0.015
0.016
0.018
0.017
0.014
0.016
0.016
0.016
0.017
0.016
0.017
0.016
0.017
0.016
0.017
0.016
0.016
0.018
0.017
0.016
0.016
0.017
0.016
0.016
0.017
