0.097
0.08
0.077
0.078
0.076
0.077
0.077
0.077
0.077
0.078
0.077
0.078
0.077
0.077
0.078
0.083
0.082
0.082
0.08
0.078
0.077
0.078
0.078
0.077
0.078
0.078
0.077
0.077
0.077
0.077
0.076
0.078
0.079
0.078
0.079
0.077
0.079
0.078
0.078
0.077
0.082
0.081
0.082
0.079
0.077
0.077
0.078
0.076
0.077
0.076
0.078
0.078
0.077
0.077
0.079
0.077
0.076
0.079
0.076
0.076
0.079
0.077
0.077
0.078
0.083
0.077
0.083
0.083
0.082
0.079
0.079
0.079
0.08
0.079
0.078
0.08
0.08
0.08
0.084
0.079
0.081
0.079
0.078
0.081
0.079
0.079
0.079
0.08
0.079
0.08
0.081
0.081
0.08
0.079
0.079
0.08
0.079
0.079
0.079
0.079
