0.775
0.575
0.772
0.8
0.802
0.677
0.636
0.755
0.756
0.742
0.643
0.557
0.558
0.659
0.805
0.743
0.518
0.548
0.638
0.645
0.559
0.558
0.567
0.704
0.68
0.59
0.667
0.698
0.589
0.53
0.659
0.597
0.918
0.631
0.659
0.495
0.738
0.566
0.685
0.643
0.68
0.637
0.62
0.548
0.684
0.62
0.733
0.693
0.656
0.758
0.763
0.688
0.747
0.626
0.715
0.596
0.793
0.562
0.722
0.805
0.772
0.697
0.605
0.597
0.531
0.587
0.67
0.524
0.574
0.64
0.705
0.64
0.712
0.816
0.508
0.773
0.682
0.647
0.712
0.684
0.646
0.59
0.523
0.705
0.741
0.575
0.544
0.594
0.722
0.616
0.687
0.662
0.561
0.649
0.809
0.716
0.691
0.638
0.576
0.69
0.607
