0.749
0.53
0.603
0.637
0.664
0.649
0.636
0.634
0.526
0.671
0.592
0.756
0.799
0.767
0.658
0.665
0.637
0.841
0.695
0.69
0.675
0.613
0.606
0.646
0.587
0.794
0.727
0.611
0.516
0.539
0.612
0.621
0.722
0.595
0.789
0.544
0.762
0.523
0.653
0.695
0.74
0.651
0.669
0.63
0.69
0.594
0.694
0.658
0.55
0.591
0.571
0.679
0.578
0.568
0.573
0.502
0.729
0.627
0.745
0.668
0.524
0.659
0.682
0.67
0.535
0.575
0.7
0.756
0.568
0.582
0.675
0.648
0.611
0.712
0.671
0.555
0.623
0.611
0.637
0.728
0.723
0.556
0.776
0.881
0.598
0.638
0.62
0.487
1.012
0.763
0.683
0.611
0.654
0.665
0.629
0.675
0.716
0.605
0.59
0.638
0.642
0.746
0.896
0.773
