0.678
0.595
0.554
0.447
0.585
0.51
0.513
0.509
0.55
0.6
0.52
0.48
0.457
0.542
0.49
0.611
0.587
0.553
0.52
0.538
0.543
0.563
0.635
0.583
0.703
0.503
0.544
0.615
0.539
0.559
0.575
0.59
0.531
0.551
0.814
0.573
0.504
0.487
0.529
0.589
0.671
0.778
0.562
0.673
0.627
0.578
0.717
0.52
0.631
0.593
0.519
0.613
0.539
0.586
0.643
0.5
0.553
0.63
0.461
0.64
0.579
0.505
0.464
0.566
0.502
0.607
0.632
0.565
0.556
0.484
0.56
0.742
0.618
0.592
0.65
0.66
0.624
0.626
0.602
0.656
0.615
0.68
0.604
0.57
0.546
0.48
0.543
0.674
0.566
0.564
0.548
0.546
0.546
0.647
0.634
0.545
0.641
0.567
0.599
0.521
0.68
