3.485
3.283
2.95
3.297
3.011
2.088
2.093
2.937
3.046
3.213
2.169
2.095
2.109
2.343
3.464
3.033
2.043
2.113
3.024
2.341
2.277
2.783
3.058
2.278
3.039
2.169
2.948
3.309
3.015
2.981
2.121
3.048
2.882
3.236
2.433
2.194
2.767
2.968
2.824
2.619
2.452
2.33
2.84
3.046
3.446
3.18
3.233
2.236
4.131
3.188
3.045
3.982
2.982
3.151
3.251
3.368
2.369
2.981
2.304
2.411
3.169
3.439
2.145
2.307
3.1
2.908
2.352
2.34
2.808
2.778
2.424
3.08
2.978
2.944
3.201
2.994
3.217
2.204
2.189
3.162
3.382
3.175
3.123
2.97
2.364
1.983
2.243
3.028
2.311
3.007
2.986
2.776
3.183
2.786
3.079
2.27
3.082
3.672
2.85
2.141
3.479
