2.997
2.398
3.102
3.417
3.867
3.229
3.259
3.469
2.523
3.454
3.384
2.504
3.432
3.567
3.896
3.329
2.613
3.427
3.13
4.198
3.378
2.644
3.914
4.022
3.692
3.039
3.413
3.098
2.794
2.78
2.969
3.706
3.982
3.232
3.8
2.774
3.043
2.871
4.047
3.829
4.187
4.153
3.623
3.507
3.368
3.848
4.019
4.093
3.848
4.24
2.799
4.231
4.165
3.73
4.048
3.122
3.195
2.864
3.018
4.127
4.09
3.749
2.762
3.36
2.743
3.231
3.751
2.99
3.957
4.031
4.191
4.305
3.642
3.006
2.812
3.965
3.01
3.627
4.252
4.233
3.838
4.299
3.151
3.018
3.021
4.122
2.989
4.231
3.255
3.151
3.123
4.042
3.145
3.03
3.817
4.403
4.023
4.227
3.134
4.277
4.354
