3.775
2.338
2.383
3.323
3.523
3.349
3.541
3.177
2.009
3.281
3.019
2.357
3.337
3.643
3.277
3.727
3.247
3.274
3.243
3.517
3.453
2.843
3.429
3.077
3.455
3.557
2.428
2.308
2.331
2.581
2.718
2.528
3.256
2.51
3.936
3.636
4.054
2.62
3.618
3.9
3.232
3.697
3.591
3.256
3.929
3.693
3.458
3.533
3.585
2.65
3.652
3.74
3.707
3.273
3.476
2.489
3.609
3.564
3.714
3.316
3.151
3.255
3.689
3.815
2.435
3.754
3.541
3.771
3.678
3.454
3.215
2.522
3.497
3.901
3.403
2.449
3.714
3.111
2.642
2.794
3.877
3.86
3.897
3.765
4.239
2.855
2.804
2.651
3.66
3.555
3.912
3.663
3.816
3.123
3.722
3.764
3.451
2.568
2.854
3.321
2.774
3.672
2.927
2.76
