2.223
2.231
1.989
2.38
2.037
1.152
1.17
2.043
2.046
2.192
1.248
1.218
1.237
1.284
2.493
2.02
1.065
1.127
2.055
1.316
1.322
1.793
2.018
1.283
1.785
1.262
1.954
2.284
2.032
1.989
1.156
2.035
1.862
2.268
1.171
1.122
1.84
2.057
1.892
1.594
1.25
1.122
1.82
1.964
2.401
2.126
2.08
1.179
3.088
2.193
2.043
2.895
2.027
2.139
2.182
2.44
1.414
1.936
1.419
1.358
2.158
2.533
1.272
1.33
2.157
1.897
1.274
1.281
1.808
1.905
1.454
1.939
1.955
1.807
2.051
1.93
2.189
1.004
1.154
2.096
2.372
2.052
2.093
1.951
1.414
1.113
1.296
1.951
1.307
2.014
2.034
1.827
2.244
1.713
1.944
1.319
1.94
2.669
1.821
1.148
2.361
