2.444
1.332
1.354
2.167
2.431
2.222
2.474
2.018
1.052
2.174
1.958
1.184
2.108
2.407
1.989
2.53
2.17
1.965
2.1
2.418
2.292
1.815
2.334
1.999
2.418
2.327
1.296
1.256
1.299
1.618
1.671
1.462
2.112
1.45
2.709
2.622
2.829
1.536
2.412
2.758
2.048
2.613
2.448
2.163
2.793
2.541
2.321
2.423
2.607
1.594
2.63
2.598
2.687
2.246
2.424
1.562
2.409
2.462
2.495
2.152
2.174
2.164
2.523
2.676
1.434
2.751
2.366
2.559
2.643
2.356
2.079
1.4
2.378
2.697
2.269
1.441
2.572
2.062
1.505
1.601
2.677
2.83
2.661
2.386
3.194
1.754
1.712
1.704
2.201
2.33
2.777
2.568
2.62
1.96
2.619
2.513
2.289
1.542
1.823
2.224
1.7
2.475
1.572
1.523
