1.677
1.369
1.867
2.126
2.615
2.07
2.16
2.248
1.323
2.189
2.259
1.445
2.392
2.435
2.611
2.142
1.609
2.36
2.032
2.984
2.338
1.564
2.887
2.809
2.531
1.991
2.3
1.852
1.718
1.824
1.799
2.519
2.569
2.161
2.686
1.829
1.811
1.677
2.808
2.708
3.069
3.02
2.52
2.487
2.195
2.753
2.804
2.952
2.649
3.023
1.573
3.055
2.894
2.653
2.863
2.043
1.91
1.695
1.852
2.886
2.858
2.537
1.687
2.29
1.744
2.137
2.602
1.901
2.934
2.932
3.022
3.197
2.443
1.742
1.875
2.734
1.811
2.523
3.082
3.092
2.719
3.267
2.148
1.84
1.814
3.059
1.976
3.142
2.04
2.05
1.98
2.844
2.023
1.762
2.418
3.116
2.871
3.098
2.009
2.949
3.199
