0.026
0.015
0.016
0.01
0.012
0.012
0.012
0.012
0.011
0.012
0.013
0.012
0.013
0.013
0.012
0.011
0.012
0.012
0.013
0.011
0.011
0.011
0.012
0.013
0.012
0.012
0.011
0.011
0.011
0.014
0.012
0.013
0.011
0.011
0.012
0.012
0.011
0.012
0.012
0.012
0.012
0.013
0.012
0.011
0.017
0.012
0.012
0.017
0.011
0.011
0.012
0.012
0.013
0.012
0.013
0.012
0.011
0.012
0.011
0.013
0.012
0.013
0.02
0.014
0.012
0.01
0.012
0.012
0.012
0.01
0.011
0.014
0.011
0.011
0.012
0.012
0.013
0.012
0.013
0.012
0.011
0.012
0.013
0.013
0.013
0.012
0.01
0.011
0.012
0.012
0.013
0.013
0.013
0.011
0.012
0.01
0.011
0.011
0.012
0.014
0.012
