0.125
0.127
0.114
0.101
0.117
0.108
0.12
0.132
0.111
0.098
0.111
0.116
0.095
0.115
0.112
0.122
0.113
0.089
0.108
0.135
0.1
0.119
0.138
0.109
0.104
0.113
0.104
0.143
0.109
0.125
0.1
0.115
0.105
0.111
0.115
0.121
0.105
0.113
0.106
0.103
0.091
0.115
0.099
0.104
0.137
0.126
0.107
0.136
0.107
0.1
0.097
0.108
0.129
0.123
0.122
0.118
0.092
0.114
0.094
0.084
0.115
0.106
0.118
0.11
0.099
0.099
0.101
0.109
0.111
0.131
0.116
0.124
0.105
0.121
0.09
0.094
0.102
0.109
0.117
0.122
0.104
0.094
0.1
0.115
0.096
0.111
0.123
0.076
0.132
0.12
0.104
0.099
0.107
0.115
0.118
0.104
0.109
0.103
0.119
0.104
0.116
0.117
0.123
0.094
0.117
0.083
0.098
0.136
0.102
0.123
0.102
0.103
0.103
0.122
0.118
0.126
0.123
0.094
0.106
0.101
0.095
