0.066
0.102
0.064
0.068
0.079
0.06
0.079
0.075
0.084
0.059
0.071
0.084
0.072
0.081
0.067
0.07
0.095
0.071
0.062
0.074
0.078
0.093
0.07
0.063
0.089
0.076
0.067
0.069
0.06
0.064
0.064
0.078
0.075
0.1
0.069
0.086
0.058
0.077
0.075
0.077
0.063
0.084
0.098
0.096
0.086
0.059
0.084
0.08
0.068
0.081
0.071
0.065
0.08
0.079
0.079
0.08
0.08
0.085
0.069
0.063
0.069
0.077
0.07
0.073
0.072
0.084
0.084
0.087
0.082
0.065
0.075
0.077
0.074
0.075
0.08
0.077
0.08
0.09
0.067
0.068
0.065
0.081
0.081
0.071
0.075
0.064
0.078
0.076
0.076
0.064
0.081
0.084
0.083
0.088
0.078
0.101
0.06
0.084
0.084
0.073
0.064
0.101
0.083
0.081
