1.423
1.515
1.823
1.366
1.103
1.184
1.323
1.267
1.131
1.478
1.293
1.213
1.33
1.114
1.362
1.193
1.423
1.218
1.358
1.281
1.374
1.13
1.251
1.304
1.308
1.423
1.581
1.295
1.401
1.277
1.361
1.386
1.277
1.358
1.334
1.459
1.355
1.547
1.46
1.399
1.317
1.611
1.194
1.456
1.282
1.25
1.378
1.19
1.627
1.293
1.284
1.274
1.478
1.83
1.306
1.34
1.334
1.358
1.528
1.258
1.405
1.198
1.454
1.301
1.315
1.229
1.31
1.353
1.504
1.342
1.874
1.351
1.275
1.371
1.278
1.211
1.351
1.502
1.711
1.327
1.31
1.339
1.867
1.373
1.24
1.382
1.552
1.333
1.239
1.233
1.394
1.322
1.556
1.559
1.253
1.67
1.496
1.199
1.355
1.708
