0.1
0.104
0.088
0.107
0.094
0.133
0.115
0.079
0.097
0.105
0.109
0.097
0.069
0.09
0.1
0.094
0.105
0.085
0.102
0.094
0.106
0.076
0.092
0.098
0.085
0.104
0.107
0.099
0.105
0.093
0.096
0.123
0.114
0.12
0.119
0.096
0.099
0.094
0.102
0.106
0.106
0.076
0.105
0.097
0.107
0.099
0.096
0.104
0.1
0.092
0.108
0.088
0.106
0.107
0.088
0.094
0.126
0.105
0.11
0.099
0.099
0.104
0.105
0.074
0.1
0.108
0.11
0.106
0.095
0.089
0.078
0.111
0.074
0.079
0.115
0.077
0.099
0.091
0.096
0.105
0.096
0.095
0.1
0.099
0.099
0.097
0.095
0.121
0.116
0.083
0.089
0.112
0.109
0.094
0.11
0.104
0.103
0.115
0.098
0.094
