0.085
0.09
0.082
0.081
0.081
0.034
0.061
0.059
0.084
0.061
0.071
0.094
0.044
0.112
0.068
0.054
0.076
0.078
0.076
0.075
0.081
0.054
0.072
0.06
0.052
0.085
0.073
0.074
0.08
0.059
0.074
0.078
0.043
0.078
0.088
0.065
0.061
0.071
0.069
0.094
0.067
0.04
0.085
0.069
0.046
0.059
0.057
0.077
0.046
0.045
0.077
0.076
0.058
0.05
0.049
0.088
0.095
0.065
0.058
0.093
0.053
0.081
0.08
0.053
0.07
0.067
0.063
0.049
0.085
0.082
0.079
0.05
0.064
0.089
0.051
0.058
0.065
0.055
0.064
0.08
0.07
0.073
0.098
0.086
0.058
0.07
0.065
0.072
0.091
0.069
0.093
0.063
0.052
0.05
0.079
0.089
0.091
0.058
0.088
0.055
0.074
0.058
0.067
0.059
0.048
0.069
0.068
0.087
0.086
0.079
0.067
