0.582
0.622
0.575
0.47
0.498
0.548
0.452
0.494
0.531
0.563
0.565
0.472
0.578
0.558
0.538
0.544
0.555
0.455
0.593
0.472
0.486
0.619
0.682
0.573
0.476
0.723
0.504
0.506
0.521
0.603
0.487
0.596
0.6
0.624
0.561
0.578
0.51
0.652
0.56
0.514
0.808
0.495
0.528
0.461
0.527
0.639
0.556
0.557
0.615
0.589
0.507
0.548
0.526
0.488
0.518
0.475
0.559
0.762
0.551
0.524
0.474
0.496
0.624
0.535
0.504
0.654
0.464
0.562
0.534
0.607
0.49
0.508
0.602
0.549
0.559
0.538
0.516
0.49
0.518
0.545
0.603
0.514
0.501
0.772
0.588
0.511
0.564
0.519
0.674
0.499
0.522
0.499
0.751
0.521
0.545
0.721
0.581
0.565
0.678
0.516
0.693
0.559
0.582
0.473
0.565
0.505
0.924
0.562
0.551
0.836
0.507
0.445
0.548
0.686
0.526
0.6
0.45
0.503
