0.078
0.067
0.07
0.066
0.064
0.064
0.062
0.062
0.057
0.068
0.066
0.062
0.06
0.063
0.067
0.058
0.069
0.061
0.062
0.072
0.07
0.072
0.059
0.058
0.068
0.058
0.056
0.061
0.064
0.058
0.061
0.06
0.063
0.061
0.059
0.062
0.065
0.063
0.062
0.063
0.075
0.059
0.061
0.057
0.06
0.059
0.06
0.063
0.068
0.07
0.057
0.065
0.064
0.056
0.056
0.057
0.06
0.06
0.059
0.061
0.057
0.057
0.057
0.066
0.069
0.064
0.06
0.066
0.069
0.06
0.055
0.055
0.068
0.061
0.072
0.061
0.055
0.059
0.057
0.07
0.058
0.059
0.065
0.064
0.057
0.064
0.056
0.061
0.061
0.053
0.061
0.076
0.059
0.053
0.049
0.06
0.064
0.059
0.057
0.059
0.059
0.058
0.054
0.054
0.068
0.063
