1.198
1.328
1.211
1.285
1.349
1.208
1.254
0.995
1.384
1.569
1.06
1.272
1.382
1.271
1.458
1.009
1.064
1.149
1.432
1.171
1.358
1.213
0.878
1.177
1.245
1.01
1.148
1.208
1.551
1.199
1.146
1.31
1.315
1.33
1.267
1.15
1.085
1.073
1.142
1.181
1.021
1.408
0.821
1.021
1.48
1.423
1.104
1.434
1.029
1.152
1.213
1.183
0.973
1.443
1.294
1.126
1.242
1.127
1.236
1.402
1.235
1.146
1.35
1.045
1.166
1.21
1.07
0.941
1.102
1.07
1.094
1.272
1.674
1.646
1.537
1.177
1.187
1.291
1.23
1.23
1.335
1.532
1.191
1.147
1.311
1.579
0.934
0.906
1.223
1.439
1.613
1.581
1.215
1.246
1.263
1.28
1.266
1.075
0.957
1.198
