0.116
0.093
0.085
0.103
0.083
0.091
0.085
0.103
0.088
0.091
0.088
0.098
0.089
0.108
0.091
0.091
0.068
0.084
0.085
0.086
0.098
0.107
0.082
0.088
0.089
0.092
0.092
0.084
0.085
0.083
0.078
0.083
0.087
0.091
0.096
0.075
0.085
0.088
0.08
0.075
0.077
0.103
0.106
0.079
0.076
0.078
0.082
0.079
0.06
0.09
0.078
0.093
0.095
0.09
0.088
0.098
0.089
0.072
0.102
0.094
0.087
0.095
0.082
0.081
0.083
0.092
0.096
0.079
0.089
0.08
0.092
0.09
0.078
0.081
0.101
0.089
0.077
0.079
0.078
0.091
0.088
0.079
0.09
0.074
0.09
0.09
0.098
0.076
0.08
0.082
0.089
0.09
0.085
0.082
0.085
0.088
0.082
0.084
0.092
0.091
0.088
