0.047
0.052
0.057
0.052
0.071
0.065
0.062
0.049
0.047
0.059
0.049
0.083
0.065
0.069
0.067
0.058
0.057
0.066
0.057
0.075
0.064
0.075
0.058
0.06
0.057
0.061
0.059
0.058
0.054
0.061
0.062
0.068
0.049
0.059
0.081
0.061
0.052
0.054
0.061
0.072
0.076
0.055
0.069
0.054
0.051
0.067
0.079
0.058
0.057
0.063
0.058
0.057
0.048
0.07
0.065
0.076
0.058
0.062
0.068
0.064
0.071
0.058
0.058
0.061
0.056
0.055
0.046
0.05
0.064
0.052
0.074
0.069
0.07
0.058
0.077
0.065
0.053
0.057
0.065
0.072
0.058
0.058
0.06
0.053
0.056
0.063
0.062
0.076
0.057
0.062
0.071
0.056
0.065
0.055
0.055
0.074
0.063
0.068
0.055
0.061
0.05
0.057
