0.068
0.079
0.061
0.064
0.047
0.056
0.068
0.058
0.052
0.048
0.063
0.059
0.06
0.061
0.048
0.053
0.068
0.067
0.06
0.058
0.073
0.062
0.058
0.065
0.06
0.066
0.054
0.07
0.067
0.063
0.06
0.069
0.056
0.05
0.056
0.08
0.062
0.059
0.053
0.058
0.07
0.065
0.062
0.067
0.066
0.057
0.053
0.057
0.057
0.062
0.068
0.051
0.064
0.057
0.048
0.055
0.067
0.08
0.05
0.067
0.056
0.055
0.062
0.067
0.066
0.054
0.057
0.072
0.056
0.056
0.059
0.058
0.065
0.073
0.077
0.062
0.063
0.059
0.054
0.06
0.068
0.082
0.073
0.063
0.05
0.058
0.065
0.07
0.059
0.065
0.057
0.082
0.064
0.075
0.065
0.066
0.073
0.066
0.058
0.062
