0.244
0.283
0.231
0.284
0.32
0.27
0.358
0.224
0.233
0.438
0.252
0.341
0.297
0.385
0.252
0.235
0.33
0.236
0.236
0.25
0.244
0.243
0.223
0.242
0.218
0.312
0.372
0.257
0.277
0.284
0.357
0.218
0.299
0.237
0.274
0.192
0.219
0.282
0.212
0.317
0.221
0.209
0.274
0.31
0.299
0.228
0.283
0.264
0.288
0.274
0.225
0.303
0.244
0.336
0.243
0.278
0.214
0.239
0.247
0.374
0.199
0.231
0.294
0.308
0.243
0.292
0.544
0.226
0.353
0.274
0.514
0.181
0.256
0.264
0.302
0.235
0.316
0.308
0.174
0.475
0.321
0.471
0.319
0.276
0.339
0.256
0.389
0.339
0.247
0.382
0.251
0.36
0.299
0.238
0.217
0.266
0.359
0.207
0.45
0.287
0.32
0.443
