0.055
0.037
0.059
0.047
0.052
0.048
0.061
0.053
0.046
0.059
0.052
0.052
0.052
0.054
0.072
0.067
0.055
0.05
0.06
0.056
0.053
0.056
0.048
0.047
0.054
0.054
0.034
0.048
0.048
0.045
0.045
0.049
0.046
0.035
0.055
0.051
0.055
0.066
0.05
0.041
0.057
0.047
0.053
0.052
0.044
0.056
0.057
0.049
0.045
0.048
0.057
0.047
0.048
0.053
0.05
0.051
0.054
0.055
0.046
0.054
0.046
0.051
0.058
0.039
0.053
0.055
0.049
0.052
0.057
0.054
0.05
0.043
0.054
0.047
0.052
0.039
0.046
0.056
0.058
0.057
0.055
0.057
0.052
0.056
0.059
0.051
0.054
0.052
0.052
0.056
0.035
0.05
0.058
0.053
0.046
0.047
0.055
0.055
0.051
0.051
0.056
0.059
