0.369
0.396
0.282
0.526
0.337
0.408
0.347
0.407
0.317
0.424
0.387
0.378
0.332
0.353
0.349
0.385
0.438
0.436
0.311
0.382
0.349
0.42
0.369
0.369
0.433
0.375
0.286
0.448
0.35
0.46
0.404
0.312
0.549
0.343
0.289
0.368
0.459
0.449
0.333
0.393
0.536
0.439
0.305
0.403
0.473
0.28
0.313
0.338
0.349
0.636
0.355
0.67
0.412
0.359
0.366
0.356
0.403
0.38
0.37
0.421
0.293
0.311
0.473
0.378
0.342
0.349
0.367
0.379
0.4
0.466
0.409
0.428
0.383
0.332
0.519
0.374
0.375
0.353
0.386
0.313
0.358
0.428
0.357
0.362
0.38
0.483
0.405
0.317
0.456
0.435
0.453
0.333
0.396
0.392
0.316
0.397
0.258
0.558
0.414
0.464
0.356
0.306
