0.438
0.585
0.478
0.643
0.415
0.426
0.375
0.455
0.49
0.59
0.504
0.484
0.376
0.477
0.375
0.441
0.607
0.473
0.35
0.38
0.379
0.586
0.499
0.435
0.441
0.416
0.381
0.545
0.483
0.392
0.485
0.45
0.469
0.386
0.406
0.463
0.635
0.401
0.439
0.511
0.54
0.641
0.446
0.45
0.4
0.412
0.499
0.386
0.571
0.558
0.584
0.592
0.502
0.435
0.457
0.546
0.405
0.396
0.466
0.354
0.583
0.522
0.489
0.456
0.409
0.624
0.446
0.439
0.546
0.458
0.549
0.544
0.757
0.446
0.648
0.466
0.452
0.467
0.412
0.47
0.507
0.418
0.411
0.593
0.429
0.419
0.472
0.451
0.41
0.432
0.53
0.462
0.444
0.518
0.4
0.635
0.452
0.535
0.454
0.453
0.395
0.365
0.487
0.453
0.48
0.558
0.458
0.575
0.502
0.739
0.42
0.586
0.373
0.622
0.432
0.473
0.395
0.581
0.506
0.41
0.452
0.399
0.541
0.481
0.504
0.561
0.444
0.5
0.406
0.457
0.386
0.502
0.375
0.582
0.456
0.427
0.374
0.648
0.518
0.496
0.46
0.39
0.638
0.474
0.391
0.429
0.365
0.445
0.476
0.525
0.522
0.422
0.491
0.582
0.496
0.5
0.422
0.708
0.395
0.502
0.506
0.527
0.444
0.501
0.481
0.547
