0.183
0.137
0.245
0.135
0.121
0.12
0.147
0.145
0.155
0.125
0.108
0.114
0.154
0.142
0.164
0.162
0.135
0.133
0.084
0.135
0.155
0.114
0.114
0.114
0.154
0.142
0.134
0.135
0.118
0.116
0.135
0.14
0.15
0.117
0.118
0.132
0.133
0.183
0.131
0.124
0.125
0.136
0.117
0.154
0.142
0.154
0.16
0.142
0.106
0.137
0.102
0.126
0.205
0.128
0.117
0.14
0.129
0.142
0.117
0.138
0.145
0.132
0.13
0.141
0.147
0.127
0.108
0.135
0.107
0.111
0.132
0.111
0.158
0.148
0.124
0.135
0.146
0.127
0.113
0.138
0.121
0.165
0.145
0.126
0.127
0.119
0.149
0.143
0.13
0.119
0.126
0.12
0.137
0.116
0.144
0.149
0.172
0.129
0.141
0.13
0.133
