0.108
0.106
0.09
0.083
0.088
0.09
0.076
0.109
0.112
0.11
0.092
0.11
0.093
0.139
0.102
0.114
0.094
0.094
0.087
0.1
0.081
0.138
0.117
0.11
0.082
0.129
0.121
0.055
0.107
0.073
0.06
0.116
0.084
0.069
0.09
0.115
0.119
0.079
0.112
0.075
0.094
0.095
0.108
0.09
0.105
0.103
0.114
0.098
0.095
0.085
0.12
0.097
0.108
0.094
0.098
0.095
0.094
0.096
0.101
0.087
0.082
0.126
0.094
0.096
0.114
0.099
0.094
0.094
0.094
0.098
0.094
0.105
0.091
0.091
0.102
0.102
0.083
0.088
0.1
0.074
0.086
0.097
0.11
0.105
0.101
0.102
0.105
0.098
0.138
0.1
0.14
0.108
0.131
0.1
0.092
0.09
0.22
0.105
0.102
0.086
