0.034
0.032
0.018
0.032
0.025
0.037
0.035
0.037
0.034
0.038
0.031
0.029
0.035
0.036
0.019
0.033
0.022
0.028
0.037
0.028
0.036
0.033
0.035
0.032
0.029
0.027
0.036
0.028
0.043
0.042
0.036
0.034
0.03
0.041
0.039
0.029
0.034
0.028
0.029
0.033
0.034
0.035
0.032
0.024
0.035
0.034
0.029
0.031
0.037
0.023
0.045
0.036
0.034
0.029
0.04
0.034
0.03
0.035
0.032
0.029
0.036
0.031
0.034
0.032
0.025
0.027
0.033
0.039
0.039
0.028
0.028
0.036
0.031
0.036
0.038
0.038
0.033
0.036
0.03
0.029
0.044
0.029
0.033
0.033
0.041
0.023
0.044
0.031
0.033
0.028
0.037
0.031
0.027
0.034
0.031
0.037
0.028
0.037
0.025
0.04
0.031
0.036
0.03
0.032
0.037
0.032
0.037
0.035
