1.085
0.994
1.037
1.037
0.907
0.905
0.852
0.813
0.899
0.882
0.937
0.832
1.02
0.966
0.954
0.89
1.049
0.898
0.891
0.993
1.015
0.861
0.907
1.119
0.884
1.024
0.905
0.962
0.901
1.031
0.896
0.822
0.731
0.86
1.001
0.937
1.036
0.951
0.922
1.009
0.907
0.845
0.787
0.892
1.115
0.94
0.951
1.096
0.939
0.932
0.916
0.864
0.828
0.76
0.999
1.058
0.949
1.224
1.331
0.793
1.077
1.032
0.925
0.953
1.04
0.885
0.987
0.874
0.952
0.975
1.055
1.069
0.992
1.022
0.997
0.954
0.789
0.951
0.875
1.056
0.872
0.815
0.94
0.975
0.945
0.869
0.914
0.897
1.149
0.955
0.943
0.934
0.866
0.752
1.031
0.841
0.997
0.82
0.863
0.799
0.913
0.915
0.952
1.093
