0.04
0.044
0.054
0.053
0.036
0.037
0.059
0.062
0.04
0.038
0.041
0.04
0.07
0.035
0.047
0.055
0.057
0.036
0.05
0.049
0.038
0.047
0.034
0.064
0.039
0.041
0.032
0.052
0.065
0.049
0.046
0.046
0.044
0.049
0.046
0.047
0.043
0.053
0.061
0.049
0.037
0.05
0.049
0.055
0.066
0.052
0.055
0.044
0.053
0.063
0.045
0.034
0.05
0.04
0.047
0.044
0.046
0.043
0.057
0.045
0.033
0.043
0.054
0.063
0.041
0.048
0.044
0.043
0.053
0.051
0.041
0.039
0.052
0.049
0.034
0.059
0.05
0.058
0.032
0.042
0.052
0.041
0.024
0.038
0.057
0.079
0.037
0.037
0.044
0.041
0.037
0.046
0.052
0.039
0.053
0.058
0.05
0.046
0.07
0.04
0.044
0.041
0.057
0.07
0.036
0.039
0.061
0.046
0.043
