0.781
0.964
0.953
1.002
0.73
0.702
0.725
0.879
1.002
0.973
0.891
0.754
0.921
1.058
1.004
1.082
1.013
0.881
1.002
0.736
1.245
0.903
1.043
0.717
0.696
0.762
0.75
0.798
0.74
0.783
0.914
0.723
1.046
0.765
0.784
0.789
0.619
0.704
0.838
0.675
0.752
0.758
0.753
1.065
0.564
0.709
0.819
0.904
0.738
0.803
0.968
0.731
1.061
0.913
0.753
1.02
0.846
1.02
1.012
0.781
0.787
0.759
0.866
0.867
0.673
0.92
0.649
0.772
0.673
0.709
0.682
0.616
1.102
0.664
0.723
0.667
1.039
0.816
0.74
0.672
0.723
0.685
0.667
0.722
0.818
1.035
0.794
0.605
0.836
1.049
0.684
0.826
0.846
0.797
0.667
0.855
0.584
0.861
0.693
0.648
0.985
1.183
0.679
0.632
0.785
0.793
0.554
0.777
1.211
0.723
0.667
0.684
0.746
0.715
0.657
0.728
0.583
1.172
1.023
0.763
0.684
0.863
0.892
0.59
1.074
0.76
0.682
0.668
0.709
1.015
0.812
1.029
0.773
0.799
0.914
1.044
0.982
0.646
0.721
0.798
0.858
1.011
1.049
0.893
0.676
0.729
0.695
0.779
0.676
0.577
0.866
0.876
0.916
1.028
0.612
0.664
1.003
0.734
0.738
0.759
0.685
0.651
0.809
0.708
0.65
1.205
0.772
0.991
0.622
0.678
0.851
1.001
0.704
0.815
