0.491
0.536
0.372
0.385
0.352
0.328
0.296
0.441
0.432
0.435
0.485
0.354
0.339
0.42
0.444
0.447
0.534
0.504
0.445
0.474
0.383
0.304
0.378
0.466
0.371
0.369
0.369
0.447
0.4
0.392
0.678
0.69
0.448
0.444
0.37
0.304
0.481
0.456
0.41
0.332
0.63
0.451
0.442
0.372
0.385
0.304
0.418
0.426
0.419
0.636
0.409
0.446
0.513
0.444
0.391
0.46
0.408
0.377
0.395
0.411
0.436
0.404
0.438
0.487
0.45
0.339
0.593
0.421
0.296
0.511
0.432
0.358
0.405
0.74
0.363
0.464
0.407
0.731
0.475
0.461
0.408
0.431
0.48
0.413
0.306
0.544
0.471
0.417
0.537
0.426
0.32
0.465
0.59
0.413
0.385
0.432
0.609
0.454
0.545
0.406
0.534
0.379
