0.064
0.116
0.097
0.074
0.079
0.129
0.079
0.095
0.092
0.105
0.067
0.091
0.057
0.079
0.093
0.092
0.054
0.068
0.066
0.08
0.109
0.088
0.068
0.064
0.057
0.084
0.102
0.08
0.095
0.069
0.108
0.11
0.106
0.113
0.091
0.091
0.084
0.088
0.089
0.078
0.096
0.076
0.093
0.097
0.101
0.075
0.077
0.149
0.093
0.116
0.088
0.085
0.085
0.109
0.076
0.096
0.103
0.096
0.077
0.081
0.098
0.081
0.096
0.098
0.078
0.079
0.083
0.104
0.067
0.069
0.11
0.084
0.091
0.089
0.084
0.085
0.091
0.073
0.09
0.105
0.073
0.085
0.081
0.085
0.078
0.077
0.1
0.076
0.082
0.093
0.084
0.108
0.098
0.119
0.091
0.114
0.083
0.101
0.076
0.102
0.066
0.074
0.092
0.099
0.064
0.101
0.075
