0.031
0.037
0.041
0.036
0.044
0.035
0.031
0.041
0.035
0.04
0.036
0.037
0.038
0.034
0.033
0.031
0.037
0.04
0.045
0.04
0.039
0.04
0.038
0.037
0.038
0.032
0.039
0.033
0.038
0.037
0.033
0.042
0.041
0.037
0.037
0.035
0.033
0.037
0.038
0.04
0.042
0.041
0.035
0.034
0.04
0.036
0.035
0.035
0.039
0.039
0.039
0.042
0.036
0.036
0.046
0.037
0.031
0.043
0.033
0.034
0.037
0.034
0.037
0.038
0.037
0.036
0.039
0.034
0.04
0.038
0.033
0.035
0.033
0.036
0.039
0.038
0.036
0.036
0.042
0.035
0.034
0.035
0.033
0.037
0.034
0.032
0.04
0.033
0.033
0.043
0.036
0.038
0.039
0.035
0.036
0.032
0.036
0.036
0.035
0.034
0.035
