1.138
1.195
1.202
0.915
1.161
1.097
1.414
1.359
1.133
1.293
1.087
1.023
1.088
1.03
0.903
1.096
0.944
1.509
1.122
1.071
1.095
0.87
1.053
1.156
1.041
1.018
1.071
1.019
0.934
1.045
0.944
1.006
0.998
1.013
1.074
1.105
0.996
1.301
1.018
1.132
1.503
0.925
1.283
0.979
0.993
0.968
0.974
1.161
1.069
1.152
1.403
1.011
0.983
1.26
1.027
1.016
0.886
1.087
1.343
1.235
1.099
0.897
1.079
1.061
0.973
1.187
1.102
1.078
1.215
1.172
1.016
1.345
0.927
1.241
1.204
1.056
0.998
1.027
1.062
1.268
1.042
1.008
1.434
1.143
1.05
1.106
0.951
1.04
1.035
1.018
1.09
1.102
1.051
0.926
1.098
0.948
1.206
1.261
1.372
0.945
