0.829
1.12
0.882
0.938
1.144
0.861
0.931
0.786
1.027
1.047
0.962
0.901
0.855
0.948
0.837
1.012
1.002
0.898
1.063
0.977
0.964
0.884
0.706
0.792
0.779
0.886
0.7
0.814
0.749
0.716
0.921
0.705
0.997
1.056
0.725
1.023
0.745
1.037
0.785
0.697
1.064
0.858
0.994
1.026
0.906
0.855
1.018
0.706
0.936
0.908
1.097
1.014
0.864
0.732
0.642
0.756
0.946
0.98
0.962
0.787
0.954
0.782
0.915
1.005
0.952
1.075
0.857
1.035
1.169
0.949
1.205
0.981
1.231
0.988
0.954
0.781
0.792
0.792
0.912
0.757
0.794
0.885
1.016
1.032
0.916
0.853
0.835
0.902
0.766
0.843
0.728
0.997
0.986
0.958
1.022
0.82
0.936
0.727
0.747
0.806
