0.088
0.087
0.083
0.074
0.087
0.098
0.069
0.085
0.091
0.08
0.089
0.069
0.077
0.081
0.104
0.081
0.069
0.087
0.09
0.08
0.092
0.081
0.089
0.079
0.079
0.075
0.087
0.097
0.092
0.099
0.091
0.074
0.087
0.087
0.092
0.094
0.087
0.076
0.086
0.078
0.077
0.087
0.08
0.088
0.078
0.082
0.092
0.081
0.081
0.088
0.084
0.09
0.086
0.079
0.096
0.087
0.088
0.078
0.083
0.071
0.088
0.091
0.091
0.082
0.081
0.095
0.073
0.103
0.079
0.08
0.076
0.089
0.086
0.074
0.072
0.085
0.089
0.085
0.086
0.079
0.092
0.085
0.072
0.077
0.078
0.087
0.075
0.086
0.109
0.094
0.084
0.08
0.098
0.078
0.06
0.078
0.08
0.068
0.083
0.077
