0.072
0.091
0.075
0.064
0.068
0.062
0.06
0.058
0.072
0.079
0.07
0.071
0.059
0.065
0.081
0.049
0.08
0.071
0.062
0.078
0.065
0.07
0.053
0.063
0.072
0.058
0.073
0.077
0.062
0.059
0.052
0.051
0.086
0.064
0.061
0.068
0.05
0.065
0.068
0.065
0.062
0.068
0.056
0.067
0.073
0.058
0.062
0.073
0.062
0.06
0.062
0.078
0.07
0.062
0.06
0.059
0.079
0.065
0.046
0.073
0.061
0.067
0.062
0.073
0.06
0.071
0.066
0.063
0.073
0.073
0.061
0.067
0.06
0.067
0.078
0.067
0.079
0.054
0.057
0.061
0.047
0.065
0.049
0.065
0.061
0.08
0.066
0.063
0.091
0.063
0.058
0.054
0.07
0.065
0.048
0.074
0.069
0.062
0.054
0.074
0.055
0.063
0.061
0.063
0.071
0.064
0.071
0.079
0.074
0.072
0.063
0.071
0.076
0.05
0.042
0.064
0.087
0.07
0.061
0.063
0.078
0.078
0.06
0.07
0.054
0.05
0.065
0.061
0.056
0.069
0.057
0.072
0.071
0.076
0.087
0.062
0.065
0.067
0.063
0.07
0.068
0.088
0.062
0.081
