0.323
0.326
0.31
0.341
0.307
0.272
0.381
0.288
0.35
0.384
0.256
0.377
0.37
0.333
0.321
0.455
0.309
0.304
0.336
0.364
0.381
0.319
0.331
0.295
0.379
0.326
0.259
0.386
0.378
0.264
0.403
0.303
0.363
0.364
0.405
0.376
0.306
0.453
0.321
0.355
0.351
0.349
0.621
0.348
0.391
0.327
0.34
0.329
0.31
0.298
0.3
0.368
0.411
0.336
0.365
0.369
0.466
0.387
0.353
0.353
0.295
0.282
0.474
0.309
0.304
0.326
0.302
0.323
0.322
0.38
0.38
0.322
0.342
0.537
0.38
0.391
0.305
0.3
0.38
0.309
0.405
0.34
0.324
0.326
0.283
0.334
0.307
0.308
0.518
0.332
0.486
0.381
0.334
0.387
0.311
0.339
0.325
0.36
0.259
0.298
