0.865
0.857
0.857
0.861
0.861
0.847
0.84
0.85
0.855
0.857
0.772
0.845
0.895
0.812
0.848
0.837
0.853
0.858
0.868
0.858
0.845
0.839
0.891
0.849
0.845
0.837
0.862
0.843
0.845
0.856
0.838
0.859
0.867
0.86
0.86
0.84
0.853
0.847
0.854
0.857
0.881
0.849
0.846
0.839
0.856
0.846
0.763
0.846
0.876
0.871
0.869
0.821
0.843
0.884
0.864
0.856
0.829
0.868
0.845
0.847
0.862
0.856
0.843
0.853
0.842
0.851
0.859
0.878
0.858
0.799
0.851
0.849
0.838
0.817
0.864
0.832
0.844
0.881
0.851
0.854
0.835
0.878
0.847
0.849
0.849
0.846
0.842
0.849
0.854
0.861
0.822
0.867
0.842
0.854
0.856
0.857
0.86
0.841
0.845
0.854
0.846
