1.355
1.165
1.185
1.237
1.169
1.214
1.179
1.165
1.229
1.23
1.191
1.182
1.08
1.162
1.208
1.194
1.242
1.244
1.173
1.254
1.145
1.549
1.347
1.313
1.412
1.372
1.373
1.338
1.294
1.372
1.391
1.33
1.493
1.526
1.407
1.425
1.427
1.291
1.467
1.492
1.408
1.479
1.599
1.552
1.501
1.538
1.465
1.461
1.594
1.559
1.529
1.57
1.593
1.341
1.478
1.463
1.527
1.546
1.582
1.574
1.696
1.509
1.576
1.647
1.588
1.573
1.662
1.722
1.564
1.524
1.571
1.599
1.632
1.437
1.701
1.53
1.644
1.683
1.622
1.672
1.671
1.643
1.581
1.682
1.735
1.704
1.733
1.849
1.789
1.694
1.858
1.671
1.657
1.797
1.893
1.762
1.735
1.873
1.826
1.842
