0.34
0.285
0.265
0.249
0.271
0.248
0.277
0.282
0.275
0.294
0.244
0.286
0.31
0.282
0.267
0.268
0.232
0.258
0.256
0.255
0.274
0.252
0.254
0.266
0.245
0.274
0.276
0.27
0.293
0.295
0.265
0.311
0.268
0.295
0.282
0.276
0.291
0.262
0.302
0.258
0.277
0.291
0.292
0.313
0.297
0.279
0.263
0.287
0.275
0.239
0.28
0.342
0.27
0.262
0.316
0.25
0.311
0.277
0.275
0.309
0.265
0.266
0.267
0.307
0.255
0.271
0.26
0.26
0.295
0.245
0.308
0.285
0.299
0.277
0.277
0.279
0.27
0.289
0.255
0.28
0.287
0.266
0.263
0.297
0.278
0.253
0.275
0.286
0.341
0.275
0.28
0.342
0.252
0.351
0.303
0.29
0.277
0.283
0.266
0.304
0.275
0.28
0.26
0.272
0.273
0.255
0.28
0.328
