0.573
0.562
0.465
0.436
0.466
0.587
0.544
0.455
0.495
0.471
0.515
0.479
0.522
0.476
0.476
0.527
0.479
0.447
0.543
0.561
0.522
0.594
0.474
0.533
0.592
0.496
0.612
0.547
0.551
0.499
0.587
0.547
0.524
0.508
0.446
0.559
0.543
0.692
0.603
0.505
0.537
0.623
0.556
0.628
0.538
0.645
0.558
0.506
0.628
0.574
0.59
0.554
0.694
0.561
0.569
0.619
0.491
0.639
0.537
0.559
0.582
0.514
0.647
0.642
0.627
0.633
0.664
0.557
0.566
0.62
0.589
0.596
0.524
0.654
0.661
0.566
0.642
0.601
0.619
0.578
0.664
0.572
0.565
0.657
0.569
0.684
0.626
0.646
0.581
0.61
0.684
0.563
0.625
0.636
0.607
0.684
0.715
0.678
0.614
0.636
0.593
0.643
0.668
0.607
0.69
0.619
0.597
0.643
0.616
