2.914
2.921
2.897
2.967
2.879
2.863
2.738
3.032
3.132
3.098
2.816
2.642
3.051
2.947
3.117
3.102
2.806
2.928
3
2.791
3.081
2.86
2.997
2.77
2.789
2.765
2.681
2.615
2.919
2.765
2.844
2.668
2.887
3.002
2.692
2.842
2.512
2.79
3.199
2.741
2.65
2.949
2.978
2.961
2.934
2.537
2.837
2.779
2.853
3.018
2.922
3.085
3.411
2.924
2.862
3.154
2.696
3.14
3.097
2.855
2.864
2.886
2.873
2.982
2.671
2.927
2.693
2.809
2.621
2.912
2.866
2.646
3.056
2.742
2.883
2.892
3.09
2.73
2.961
2.769
2.976
2.853
2.605
3.041
2.807
2.964
2.924
2.743
2.896
3.152
2.858
2.823
2.775
3.04
2.768
2.886
2.816
2.882
2.714
2.914
2.971
3.4
2.737
2.816
3.819
2.725
2.748
2.765
3.26
2.806
2.863
2.83
2.704
3.079
2.662
2.887
2.494
3.132
2.966
3.08
2.734
2.86
2.936
2.53
2.987
3.281
2.881
2.894
3.558
3.05
2.843
3.271
3.094
2.875
2.977
3.071
3.048
2.606
2.812
2.866
2.735
3.202
3.096
3.028
2.963
2.763
2.735
2.723
3.021
2.705
3.032
2.813
2.883
2.984
2.815
2.991
3.293
2.857
2.896
2.7
2.69
2.682
3.081
2.704
2.946
3.271
2.902
2.979
2.603
3.09
3.08
2.918
2.878
2.946
