2.424
2.42
2.284
2.572
2.252
2.211
2.343
2.186
2.366
2.651
2.211
2.671
2.667
2.247
2.22
2.465
2.262
2.331
2.395
2.297
2.647
2.224
2.286
2.245
2.342
2.281
2.672
2.358
2.896
2.579
2.624
2.41
2.245
2.711
2.374
2.339
2.315
2.742
2.77
2.365
2.377
2.45
2.83
2.321
2.325
2.312
2.164
2.289
2.333
2.247
2.297
2.306
2.339
2.594
2.291
2.291
2.416
2.322
2.282
2.298
2.61
2.228
2.638
2.505
2.272
2.224
2.3
2.312
2.248
2.401
2.357
2.251
2.326
2.471
2.375
2.347
2.538
2.288
2.283
2.65
2.338
2.321
2.387
2.253
2.255
2.309
2.236
2.709
2.442
2.469
2.46
2.356
2.296
2.359
2.282
2.53
2.282
2.851
2.189
2.476
