0.361
0.334
0.322
0.319
0.308
0.276
0.331
0.32
0.288
0.329
0.288
0.308
0.318
0.302
0.295
0.314
0.31
0.265
0.316
0.295
0.287
0.321
0.29
0.341
0.29
0.285
0.286
0.293
0.331
0.299
0.309
0.304
0.291
0.313
0.318
0.286
0.311
0.308
0.323
0.289
0.31
0.322
0.311
0.323
0.317
0.304
0.314
0.318
0.298
0.355
0.316
0.289
0.299
0.311
0.31
0.308
0.302
0.298
0.331
0.318
0.279
0.308
0.329
0.353
0.285
0.325
0.312
0.327
0.314
0.299
0.29
0.305
0.338
0.313
0.291
0.334
0.48
0.348
0.402
0.306
0.361
0.323
0.266
0.282
0.322
0.351
0.324
0.341
0.323
0.316
0.309
0.36
0.323
0.36
0.331
0.37
0.353
0.323
0.388
0.318
0.372
0.324
0.345
0.421
0.337
0.327
0.399
0.353
0.342
