1.18
1.229
1.153
1.206
1.288
1.172
1.282
1.125
1.31
1.315
1.248
1.216
1.254
1.302
1.158
1.101
1.205
1.19
1.23
1.159
1.189
1.21
1.17
1.13
1.316
1.198
1.334
1.214
1.196
1.237
1.342
1.127
1.291
1.264
1.235
1.108
1.124
1.258
1.14
1.363
1.173
1.276
1.205
1.297
1.137
1.167
1.094
1.244
1.305
1.236
1.117
1.343
1.228
1.189
1.229
1.234
1.184
1.192
1.218
1.387
1.135
1.226
1.294
1.369
1.278
1.197
1.49
1.174
1.373
1.269
1.46
1.08
1.253
1.261
1.24
1.148
1.179
1.344
1.145
1.557
1.266
1.404
1.269
1.225
1.251
1.231
1.442
1.195
1.214
1.354
1.251
1.308
1.433
1.404
1.15
1.119
1.273
1.171
1.31
1.282
1.26
1.397
