1.014
0.989
0.972
0.978
0.977
0.893
0.953
0.963
0.957
0.978
0.964
0.959
0.967
0.971
0.956
0.919
0.885
0.968
0.967
0.977
0.971
0.978
0.957
0.984
0.984
0.992
0.945
0.958
0.96
0.967
0.944
0.952
1.013
0.952
0.975
0.956
0.969
0.974
0.959
0.946
1.004
0.969
0.964
0.974
0.957
0.976
0.952
0.979
0.948
0.973
0.984
0.963
0.959
0.96
0.955
0.955
0.969
0.96
0.979
0.963
0.961
0.952
0.951
0.981
0.984
0.957
0.962
0.982
0.958
0.97
0.951
0.939
0.977
0.965
0.965
0.961
0.974
0.946
0.97
0.988
0.952
0.967
0.963
0.961
0.948
0.951
0.95
0.973
0.965
0.961
0.964
0.976
0.963
0.949
0.933
0.957
0.96
0.963
0.968
0.96
0.962
0.971
0.946
0.969
0.966
0.98
