1.159
1.045
1.021
1.058
0.988
0.958
1.04
1.049
1.027
0.979
1.049
1.011
0.999
1.047
0.981
1.048
0.996
1.005
1.062
1.072
1.13
1.112
1.04
1.021
1.095
1.259
1.253
1.044
1.246
1.323
1.247
1.186
1.232
1.203
1.247
1.219
1.28
1.318
1.235
1.311
1.241
1.182
1.312
1.356
1.19
1.241
1.176
1.329
1.179
1.36
1.285
1.265
1.268
1.345
1.373
1.292
1.312
1.324
1.275
1.269
1.403
1.405
1.475
1.547
1.442
1.457
1.403
1.426
1.511
1.507
1.545
1.464
1.534
1.5
1.496
1.5
1.53
1.448
1.542
1.562
1.52
1.5
1.562
1.652
1.664
1.667
1.61
1.632
1.462
1.595
1.667
1.776
1.729
1.698
1.815
1.671
1.789
1.847
1.72
1.816
