1.058
1.02
0.936
1.038
0.981
0.884
0.976
0.899
0.9
0.926
0.957
0.923
0.901
0.941
1.009
0.957
0.981
0.913
1.022
1.043
0.984
1.02
0.954
1.119
1.137
1.056
1.278
1.089
1.195
1.091
1.187
1.104
1.087
1.168
1.216
1.114
1.187
1.132
1.164
1.15
1.113
1.107
1.198
1.129
1.227
1.258
1.31
1.104
1.194
1.148
1.102
1.081
1.129
1.241
1.235
1.225
1.417
1.273
1.346
1.164
1.278
1.142
1.254
1.221
1.272
1.158
1.33
1.202
1.367
1.252
1.227
1.245
1.318
1.291
1.475
1.331
1.377
1.545
1.404
1.361
1.384
1.308
1.356
1.563
1.278
1.439
1.433
1.456
1.418
1.498
1.449
1.564
1.641
1.473
1.564
1.537
1.816
1.592
1.45
1.49
1.463
1.54
1.459
1.486
