0.47
0.483
0.396
0.387
0.382
0.317
0.366
0.364
0.402
0.385
0.382
0.406
0.343
0.435
0.353
0.423
0.398
0.395
0.451
0.398
0.424
0.361
0.446
0.384
0.378
0.411
0.384
0.419
0.443
0.401
0.398
0.442
0.33
0.416
0.39
0.392
0.353
0.392
0.401
0.408
0.347
0.351
0.39
0.377
0.348
0.396
0.369
0.369
0.34
0.325
0.411
0.454
0.367
0.406
0.361
0.419
0.442
0.393
0.391
0.438
0.419
0.484
0.409
0.418
0.391
0.445
0.394
0.367
0.421
0.433
0.426
0.335
0.393
0.457
0.386
0.416
0.424
0.364
0.409
0.397
0.428
0.419
0.46
0.412
0.403
0.405
0.463
0.433
0.475
0.424
0.444
0.391
0.371
0.361
0.389
0.43
0.41
0.374
0.463
0.362
0.419
0.41
0.446
0.404
0.361
0.408
0.385
0.413
0.427
0.362
0.396
