1.204
1.187
1.137
1.168
1.138
1.133
1.168
1.138
1.135
1.143
1.147
1.168
1.142
1.15
1.15
1.178
1.142
1.09
1.143
1.176
1.114
1.15
1.16
1.145
1.158
1.045
1.124
1.184
1.106
1.187
1.131
1.146
1.151
1.175
1.147
1.168
1.165
1.141
1.137
1.146
1.107
1.153
1.147
1.125
1.194
1.211
1.159
1.202
1.137
1.108
1.108
1.14
1.187
2.204
1.182
1.167
1.115
1.164
1.143
1.108
1.181
1.122
1.167
1.157
1.159
1.153
1.142
1.201
1.161
1.161
1.171
1.174
1.164
1.177
1.132
1.108
1.131
1.147
1.179
1.161
1.141
1.129
1.131
1.184
1.132
1.159
1.151
1.094
1.228
1.154
1.151
1.165
1.16
1.166
1.159
1.121
1.135
1.139
1.177
1.135
1.17
1.159
1.175
1.134
1.163
1.116
1.146
1.194
1.241
1.159
1.199
1.145
1.148
1.176
1.161
1.186
1.227
1.154
1.165
1.19
1.163
