4.028
3.789
3.541
3.654
3.664
3.642
3.495
3.299
3.661
4.038
4.015
3.498
3.769
3.646
3.795
3.376
3.905
3.51
3.855
3.727
3.804
4.084
3.708
3.833
3.753
3.562
3.856
4.049
4.247
3.826
3.892
3.782
3.937
4.05
4.328
3.785
3.705
3.48
3.897
3.825
3.567
3.918
3.291
3.715
4.115
4.258
3.855
4.188
3.793
3.601
3.779
4.135
3.58
4.307
3.957
4.021
3.973
3.743
4.117
4.196
4.022
4.215
3.979
3.759
4.25
3.997
3.918
3.744
4.389
4.027
4.63
4.493
4.694
4.73
4.454
3.999
4.658
4.584
4.19
4.122
4.279
4.439
4.076
4.838
4.467
4.613
4.161
4.27
4.116
4.387
4.429
4.729
4.58
4.362
5.034
4.555
4.409
4.246
4.369
4.445
