1.157
1.197
1.099
1.1
1.086
1.09
1.092
1.123
1.116
1.093
1.1
1.038
1.088
1.143
1.101
1.069
1.026
1.086
1.106
1.081
1.101
1.093
1.09
1.108
1.107
1.079
1.089
1.104
1.081
1.076
1.073
1.089
1.113
1.093
1.107
1.08
1.082
1.088
1.078
1.067
1.065
1.097
1.107
1.093
1.089
1.06
1.084
1.064
1.045
1.093
1.081
1.099
1.1
1.086
1.094
1.109
1.084
1.07
1.111
1.119
1.119
1.102
1.093
1.08
1.109
1.102
1.083
1.082
1.077
1.08
1.102
1.092
1.075
1.079
1.096
1.1
1.075
1.101
1.07
1.095
1.1
1.082
1.084
1.055
1.101
1.08
1.14
1.083
1.095
1.089
1.107
1.087
1.102
1.088
1.09
1.083
1.08
1.074
1.083
1.098
1.088
