4.708
5.259
5.2
4.701
4.962
5.095
5.125
4.472
4.643
4.676
5.247
5.042
4.515
4.754
5.125
4.681
4.637
4.49
4.714
5.25
4.681
4.546
4.471
4.529
4.707
4.722
4.392
4.626
4.937
4.727
4.583
4.953
4.731
4.678
4.359
4.651
4.549
5.045
4.532
4.941
5.096
5.367
4.925
4.684
4.55
4.585
4.724
5.155
4.639
4.514
5.227
4.618
4.503
4.575
4.994
4.449
4.576
5.026
4.599
4.419
4.934
4.399
4.897
4.594
4.798
4.779
4.579
4.714
5.326
4.736
4.879
4.689
4.879
4.754
4.612
5.079
5.231
4.748
4.531
4.779
4.454
4.965
5.052
4.626
4.781
4.858
4.835
4.58
5.16
4.976
4.371
5.604
5.309
4.69
5.368
4.905
4.618
4.517
4.585
5.071
