1.028
0.921
0.894
0.94
0.891
0.886
0.896
0.802
0.842
0.881
0.956
0.959
0.908
0.897
0.847
0.95
0.924
1
0.947
1.071
0.911
1.017
0.945
0.957
0.898
0.918
1.056
1.095
1.021
1.066
1.047
0.988
0.992
1.006
1.121
1.074
1.17
1.12
1.237
1.187
1.15
1.253
1.1
1.109
1.105
1.155
1.208
1.108
1.308
1.205
1.307
1.319
1.34
1.301
1.359
1.222
1.376
1.269
1.338
1.161
1.476
1.281
1.371
1.316
1.248
1.286
1.264
1.259
1.325
1.334
1.257
1.319
1.324
1.371
1.322
1.292
1.309
1.324
1.288
1.368
1.372
1.459
1.394
1.524
1.453
1.351
1.316
1.51
1.481
1.309
1.395
1.471
1.592
1.505
1.611
1.632
1.416
1.467
1.503
1.457
1.468
1.57
