4.441
4.385
4.463
4.083
3.785
3.769
3.802
3.88
3.735
4.296
4.404
3.803
4.061
4.481
4.204
4.122
4.455
3.965
4.296
4.168
4.085
4.05
4.262
4.162
4.003
4.872
4.68
4.826
4.429
4.259
4.37
4.124
4.087
4.369
4.273
4.494
4.32
4.552
4.499
4.645
4.341
4.944
4.562
4.606
4.403
4.311
4.468
4.313
4.896
4.465
4.482
4.337
4.539
4.906
4.464
4.372
4.486
4.493
4.666
4.584
4.438
4.636
4.781
4.387
4.434
4.582
4.684
4.738
4.667
4.441
5.011
4.442
4.901
4.537
4.696
4.677
4.576
4.932
5.237
4.367
4.617
4.819
5.442
4.622
4.77
4.978
5.001
4.771
4.495
4.484
4.717
4.956
4.744
4.905
4.504
5.027
4.667
5.175
4.529
5.029
