4.352
4.054
3.953
4.006
3.982
3.726
4.34
3.94
4.125
3.906
3.861
4.089
3.928
3.822
4.078
4.401
4.028
4.238
3.96
4.03
4.072
3.964
3.924
3.921
4.216
3.628
3.775
3.972
3.599
3.956
4.152
4.388
4.183
3.638
4.095
4.041
4.014
4.294
3.723
4.067
4.638
4.243
4.048
3.891
4.217
3.677
3.904
4.15
4.145
4.498
4.178
3.717
4.214
4.262
3.65
3.608
3.721
4.249
4.11
3.978
3.81
4.2
4.104
3.876
3.931
3.897
3.98
4.008
4.289
4.26
4.451
4.286
3.859
4.328
3.898
4.209
4.09
3.989
3.865
4.354
4.221
4.246
4.125
3.934
3.89
4.148
4.095
4.075
3.861
3.836
3.951
4.185
3.755
3.725
4.136
4.092
4.315
4.005
4.175
4.012
