1.612
1.254
1.342
1.252
1.235
1.264
1.29
1.243
1.399
1.258
1.244
1.238
1.33
1.381
1.417
1.272
1.344
1.273
1.214
1.366
1.375
1.364
1.392
1.359
1.489
1.499
1.423
1.479
1.504
1.527
1.642
1.515
1.619
1.567
1.453
1.548
1.606
1.705
1.701
1.615
1.591
1.587
1.474
1.607
1.769
1.533
1.709
1.609
1.527
1.609
1.595
1.691
1.659
1.587
1.783
1.69
1.705
1.744
1.664
1.584
1.722
1.656
1.689
1.713
1.706
1.799
1.681
1.834
1.619
1.665
1.904
1.649
1.874
1.738
1.777
1.897
1.819
1.809
1.776
1.841
1.883
1.918
1.861
1.634
1.833
1.702
1.744
1.836
1.858
1.853
1.838
1.858
1.859
1.864
1.978
2.114
2.059
1.96
1.905
1.931
1.914
