2.588
2.378
2.334
2.357
2.298
2.37
2.174
2.386
2.233
2.466
2.324
2.215
2.384
2.489
2.415
2.373
2.337
2.233
2.57
2.512
2.537
2.549
2.693
2.689
2.565
2.822
2.504
2.462
2.713
2.685
2.491
2.787
2.82
2.581
2.793
2.727
2.558
2.715
2.557
2.451
2.746
2.501
2.496
2.558
2.689
2.752
2.649
2.737
2.739
2.811
2.582
2.938
2.665
2.649
2.756
2.683
2.731
2.954
2.798
2.704
2.65
2.742
2.792
2.859
2.683
3.095
2.644
2.805
2.805
3.073
2.815
2.725
2.748
2.798
2.969
2.691
2.89
2.665
2.801
2.829
2.949
2.829
2.835
3.232
2.982
2.942
3.029
2.949
3.081
2.983
3.084
2.886
3.041
2.998
3.083
3.243
3.215
3.203
3.183
2.998
3.347
3.111
3.104
2.933
3.177
2.953
3.562
3.168
3.149
3.367
3.087
2.971
3.121
3.113
3.235
3.333
3.288
3.27
