0.71
0.579
0.54
0.537
0.526
0.503
0.623
0.559
0.59
0.547
0.548
0.544
0.489
0.52
0.516
0.476
0.555
0.521
0.523
0.611
0.558
0.521
0.532
0.533
0.554
0.525
0.522
0.532
0.541
0.56
0.523
0.496
0.554
0.532
0.538
0.603
0.574
0.518
0.621
0.577
0.568
0.605
0.586
0.613
0.596
0.505
0.561
0.594
0.583
0.594
0.536
0.534
0.567
0.544
0.616
0.523
0.584
0.565
0.56
0.625
0.68
0.622
0.655
0.643
0.566
0.593
0.586
0.634
0.622
0.741
0.602
0.672
0.783
0.717
0.681
0.598
0.639
0.626
0.67
0.644
0.592
0.606
0.729
0.599
0.635
0.628
0.609
0.615
0.726
0.652
0.639
0.616
0.585
0.699
0.616
0.722
0.652
0.603
0.686
0.621
0.594
0.672
0.726
0.761
0.712
0.665
0.682
0.702
0.638
0.714
0.752
0.677
0.673
0.746
0.649
0.726
0.749
0.757
0.714
0.699
0.824
0.744
0.713
0.731
0.724
0.766
0.72
0.7
0.606
0.733
0.671
0.75
0.769
0.817
0.761
0.764
0.784
0.763
0.8
0.681
0.771
0.727
0.771
0.779
