1.057
1.015
1.035
1.023
1.016
1.027
0.988
1.035
1.031
1.084
1.029
1.044
0.941
1.021
1.051
1.02
0.998
1.025
1.02
1.035
1.07
1.012
1.041
1.013
0.979
1.021
1.018
1.048
1.055
1.026
1.03
1.026
1.042
1.034
1.04
1.05
1.015
0.996
1.023
0.95
1.005
1.016
1.064
1.029
1.01
1.033
1.031
1.026
0.987
1.032
1.036
1.029
1.029
0.975
1.043
1.048
1.064
1.018
1.101
1.023
1.063
1.103
1.041
1.016
1.017
1.062
0.977
1.021
1.03
1.029
1.024
1.047
1.038
1.032
1.021
1.055
1.094
1.053
1.081
1.006
1.026
1.038
1.055
1.043
1.014
1.082
1.025
1.04
1.089
1.108
1.068
1.019
1.097
1.042
1.057
1.058
1.055
1.034
1.1
1.079
