0.689
0.738
0.588
0.612
0.581
0.66
0.606
0.635
0.585
0.625
0.567
0.565
0.568
0.566
0.569
0.629
0.519
0.563
0.522
0.588
0.591
0.608
0.579
0.594
0.594
0.593
0.621
0.591
0.624
0.581
0.626
0.622
0.705
0.685
0.64
0.626
0.597
0.621
0.683
0.679
0.631
0.629
0.637
0.663
0.599
0.698
0.615
0.721
0.638
0.693
0.737
0.699
0.63
0.738
0.931
0.745
0.7
0.728
0.66
0.765
0.726
0.654
0.681
0.754
0.705
0.762
0.731
0.763
0.759
0.683
0.784
0.672
0.744
0.691
0.724
0.727
0.759
0.744
0.714
0.769
0.819
0.745
0.657
0.734
0.721
0.703
0.701
0.707
0.677
0.806
0.715
0.76
0.79
0.765
0.771
0.77
0.667
0.748
0.639
0.716
0.682
0.668
0.731
0.717
0.695
0.763
0.658
