4.345
3.207
3.033
3.439
2.884
3.139
2.876
2.68
2.884
3.161
3.102
3.062
3.387
3.121
2.99
3.207
3.025
3.199
3.074
3.168
3.029
3.018
3.143
3.369
2.924
3.349
3.127
3.203
3.368
3.206
3.223
3.08
2.98
3.215
3.32
2.964
3.43
3.433
3.095
3.262
3.232
3.056
3.025
3.128
3.28
3.143
3.11
3.269
3.025
2.974
2.96
2.997
2.973
3.208
3.27
3.038
3.153
3.475
3.754
3.177
3.343
3.157
3.199
2.995
3.061
3.006
3.338
3.279
3.414
3.399
3.413
3.223
3.399
3.625
3.281
3.392
3.221
3.091
3.264
3.193
2.977
3.048
3.511
3.267
3.062
3.125
2.981
3.21
3.239
3.347
3.554
3.279
2.994
2.998
3.183
2.947
3.482
3.295
3.214
3.093
3.543
3.399
3.269
3.494
