0.962
0.853
0.93
0.905
0.921
0.885
0.889
0.908
0.899
0.938
0.907
0.912
0.889
0.91
0.932
0.906
0.921
0.922
0.916
0.924
0.906
0.911
0.844
0.901
0.901
0.899
0.897
0.912
0.889
0.915
0.917
0.904
0.908
0.882
0.91
0.905
0.895
0.92
0.905
0.911
0.923
0.89
0.922
0.94
0.896
0.923
0.902
0.912
0.904
0.901
0.908
0.906
0.922
0.919
0.923
0.921
0.903
0.91
0.914
0.918
0.91
0.913
0.914
0.916
0.906
0.904
0.921
0.894
0.931
0.91
0.884
0.91
0.938
0.918
0.915
0.908
0.902
0.917
0.904
0.922
0.924
0.903
0.913
0.901
0.929
0.922
0.911
0.879
0.893
0.84
0.9
0.898
0.924
0.908
0.9
0.895
0.933
0.881
0.917
0.901
0.906
0.922
