2.135
1.947
1.775
1.852
1.707
1.596
1.66
1.866
1.777
1.793
1.934
1.677
1.753
1.909
1.893
1.908
1.899
1.977
1.859
2.185
1.85
1.785
1.832
2.037
1.966
1.922
1.916
2.038
1.966
2.004
2.385
2.344
2.243
2.252
1.914
1.804
2.181
2.179
1.927
1.98
2.429
2.077
2.352
2.24
2.211
2.031
2.178
2.189
2.257
2.405
2.284
2.417
2.339
2.289
2.238
2.298
2.29
2.167
2.252
2.38
2.34
2.204
2.327
2.443
2.392
2.244
2.425
2.483
2.231
2.564
2.273
2.489
2.348
2.645
2.266
2.408
2.488
2.835
2.394
2.464
2.436
2.499
2.407
2.545
2.223
2.665
2.438
2.542
2.989
2.376
2.272
2.513
2.583
2.501
2.465
2.556
2.806
2.616
2.618
2.62
2.489
2.434
