1.122
1.018
0.922
0.995
1.022
0.963
1.003
1.07
0.969
1.021
0.943
0.948
1.051
1.032
1.016
1.164
1.076
1.041
1.063
1.158
1.027
1.085
1.069
1.143
1.075
1.049
1.084
1.064
1.157
1.061
1.133
1.186
1.188
1.059
1.239
1.195
1.227
1.095
1.284
1.226
1.249
1.214
1.29
1.234
1.364
1.331
1.198
1.224
1.17
1.126
1.145
1.204
1.279
1.192
1.196
1.255
1.234
1.291
1.234
1.292
1.252
1.292
1.227
1.445
1.43
1.44
1.509
1.432
1.29
1.357
1.391
1.394
1.413
1.334
1.392
1.407
1.498
1.36
1.464
1.695
1.464
1.466
1.445
1.57
1.528
1.446
1.473
1.611
1.588
1.668
1.529
1.476
1.548
1.601
1.568
1.562
1.806
1.782
1.704
1.657
