1.525
1.436
1.408
1.618
1.295
1.424
1.472
1.523
1.358
1.609
1.477
1.39
1.455
1.412
1.417
1.604
1.602
1.493
1.344
1.427
1.411
1.446
1.467
1.461
1.515
1.465
1.375
1.501
1.436
1.48
2.302
1.324
1.597
1.475
1.337
1.358
1.472
2.022
1.557
1.512
1.643
1.561
1.313
1.552
1.636
1.432
1.396
1.499
1.553
1.809
1.597
1.754
1.427
1.562
1.655
1.696
1.697
1.563
1.656
1.75
1.475
1.534
1.782
1.607
1.593
1.535
1.626
1.699
1.511
1.808
1.503
1.626
1.536
1.502
1.737
1.471
1.509
1.665
1.54
1.528
1.471
1.637
1.476
2.291
1.709
1.71
1.695
1.516
1.67
1.692
1.686
1.516
1.71
1.63
1.505
1.717
1.469
1.965
1.606
1.809
1.551
1.684
