2.182
2.275
2.16
2.32
2.056
2.058
2.002
2.067
2.046
2.31
2.17
2.069
1.951
2.06
2.12
2.035
2.245
2.05
1.934
2.138
1.943
2.205
2.169
2.145
2.069
2.09
1.971
2.144
2.126
1.999
2.139
2.035
2.078
1.94
2.179
2.051
2.281
2.909
2.469
2.155
2.472
2.54
2.119
2.112
2.005
1.961
2.218
2.06
2.256
2.347
2.258
2.57
2.2
2.202
2.198
2.272
2.279
2.077
2.189
2.096
2.27
2.273
2.239
2.212
2.171
2.439
2.325
2.253
2.368
2.284
2.348
2.316
2.446
2.26
2.565
2.161
2.202
2.232
2.203
2.218
2.221
2.307
2.254
2.419
2.122
2.285
2.254
2.602
2.158
2.308
2.246
2.556
2.09
2.36
2.122
2.306
2.12
2.279
2.144
2.237
2.114
2.199
2.415
2.14
2.277
2.388
2.18
2.511
2.377
2.613
2.163
2.455
2.08
2.558
2.24
2.384
2.264
2.363
2.201
2.244
2.333
2.316
2.394
2.315
2.347
2.427
2.239
2.249
2.288
2.173
2.057
2.363
2.244
2.416
2.311
2.337
2.132
2.524
2.315
2.374
2.453
2.241
2.448
2.25
2.275
2.356
2.164
2.301
2.278
2.448
2.35
2.296
2.351
2.419
2.318
2.341
2.299
2.562
2.21
2.334
2.371
2.63
2.337
2.291
2.427
2.553
