0.666
0.66
0.663
0.673
0.657
0.656
0.659
0.655
0.665
0.663
0.579
0.65
0.702
0.657
0.658
0.651
0.66
0.665
0.663
0.662
0.654
0.65
0.697
0.656
0.657
0.653
0.663
0.659
0.655
0.66
0.655
0.661
0.668
0.67
0.668
0.656
0.667
0.657
0.655
0.657
0.683
0.657
0.661
0.655
0.66
0.658
0.576
0.659
0.689
0.669
0.671
0.662
0.66
0.696
0.658
0.663
0.656
0.67
0.656
0.662
0.666
0.671
0.652
0.659
0.656
0.659
0.66
0.698
0.663
0.606
0.665
0.663
0.654
0.668
0.668
0.653
0.654
0.699
0.652
0.665
0.648
0.684
0.662
0.659
0.66
0.667
0.655
0.659
0.668
0.665
0.665
0.677
0.645
0.667
0.675
0.672
0.668
0.654
0.659
0.664
0.655
