0.669
0.657
0.66
0.664
0.661
0.647
0.655
0.648
0.649
0.68
0.654
0.655
0.638
0.65
0.679
0.636
0.65
0.661
0.65
0.657
0.652
0.652
0.585
0.647
0.645
0.65
0.655
0.652
0.643
0.649
0.684
0.657
0.649
0.653
0.646
0.648
0.643
0.654
0.666
0.653
0.65
0.647
0.66
0.684
0.646
0.662
0.657
0.654
0.646
0.662
0.649
0.673
0.657
0.655
0.662
0.655
0.642
0.651
0.656
0.664
0.639
0.652
0.649
0.664
0.65
0.648
0.662
0.651
0.661
0.651
0.638
0.662
0.655
0.649
0.656
0.651
0.646
0.65
0.641
0.648
0.672
0.652
0.654
0.648
0.649
0.66
0.646
0.652
0.671
0.562
0.65
0.652
0.653
0.643
0.66
0.651
0.669
0.658
0.655
0.65
0.647
0.652
