0.744
0.72
0.732
0.721
0.736
0.724
0.694
0.727
0.737
0.781
0.73
0.758
0.663
0.725
0.736
0.729
0.729
0.726
0.726
0.742
0.759
0.732
0.739
0.731
0.722
0.721
0.733
0.735
0.747
0.734
0.72
0.732
0.739
0.73
0.746
0.728
0.71
0.722
0.718
0.656
0.717
0.722
0.76
0.721
0.728
0.755
0.722
0.729
0.71
0.726
0.727
0.723
0.733
0.684
0.724
0.738
0.76
0.723
0.805
0.759
0.746
0.792
0.74
0.725
0.725
0.745
0.682
0.71
0.732
0.738
0.743
0.747
0.728
0.752
0.731
0.752
0.794
0.75
0.76
0.723
0.724
0.738
0.762
0.748
0.732
0.769
0.741
0.737
0.766
0.793
0.777
0.735
0.772
0.746
0.762
0.778
0.763
0.753
0.785
0.786
