0.645
0.607
0.625
0.612
0.717
0.615
0.651
0.62
0.699
0.603
0.718
0.619
0.591
0.661
0.64
0.605
0.565
0.64
0.691
0.618
0.677
0.712
0.692
0.62
0.815
0.617
0.704
0.657
0.616
0.662
0.642
0.656
0.707
0.733
0.673
0.652
0.642
0.647
0.655
0.715
0.682
0.651
0.677
0.71
0.556
0.647
0.531
0.727
0.751
0.677
0.478
0.631
0.629
0.598
0.717
0.653
0.7
0.627
0.673
0.714
0.6
0.601
0.74
0.728
0.763
0.612
0.618
0.695
0.699
0.711
0.661
0.637
0.633
0.659
0.672
0.636
0.591
0.632
0.718
0.705
0.659
0.665
0.62
0.66
0.631
0.657
0.656
0.553
0.703
0.663
0.667
0.666
0.833
0.792
0.636
0.575
0.627
0.7
0.604
0.72
0.65
0.688
