2.08
2.087
1.821
1.912
1.886
1.792
1.706
1.811
1.799
2.041
2.014
1.817
1.904
1.994
1.964
2.165
2.248
1.967
2.144
1.988
1.909
2.116
2.163
2.073
1.9
2.618
2.139
2.297
2.155
2.182
2.148
1.92
2.027
2.216
2.132
2.203
2.178
2.152
2.165
2.259
2.191
2.412
2.571
2.335
2.226
2.241
2.261
2.212
2.403
2.328
2.373
2.281
2.247
2.284
2.155
2.165
2.279
2.308
2.303
2.517
2.16
2.573
2.527
2.245
2.279
2.522
2.562
2.504
2.3
2.248
2.292
2.268
2.207
2.3
2.629
2.618
2.411
2.485
2.609
2.218
2.452
2.587
2.666
2.365
2.682
2.761
2.529
2.547
2.41
2.399
2.408
2.691
2.367
2.486
2.345
2.511
2.335
2.275
2.345
2.5
