0.816
0.789
0.7
0.794
0.791
0.709
0.794
0.817
0.734
0.799
0.723
0.701
0.824
0.723
0.787
0.909
0.859
0.83
0.818
0.921
0.83
0.807
0.813
0.863
0.871
0.756
0.81
0.876
0.931
0.845
0.939
0.879
0.956
0.862
1.018
0.939
0.931
0.889
1.05
0.996
1.042
0.97
1.049
0.997
1.075
1.099
0.965
0.974
0.963
0.908
0.876
0.994
1.036
0.974
0.975
1.02
1.018
1.058
0.999
1.072
1.059
1.016
0.967
1.193
1.159
1.206
1.228
1.191
1.066
1.117
1.141
1.154
1.173
1.099
1.147
1.166
1.281
1.14
1.227
1.429
1.231
1.211
1.168
1.307
1.247
1.209
1.24
1.343
1.321
1.42
1.198
1.253
1.259
1.318
1.307
1.324
1.397
1.515
1.412
1.377
