0.852
0.753
0.719
0.754
0.688
0.671
0.732
0.743
0.72
0.689
0.735
0.688
0.687
0.732
0.723
0.727
0.673
0.679
0.748
0.747
0.788
0.791
0.743
0.693
0.797
0.921
0.931
0.747
0.922
1.001
0.942
0.87
0.906
0.938
0.921
0.891
0.975
1.009
0.932
0.991
0.911
0.861
0.995
1.03
0.903
0.948
0.883
1.025
0.893
1.053
0.944
0.997
0.95
1.034
1.093
0.985
0.974
1.003
0.992
0.983
1.074
1.122
1.159
1.223
1.143
1.138
1.099
1.085
1.172
1.208
1.242
1.167
1.2
1.177
1.14
1.197
1.203
1.13
1.284
1.248
1.183
1.131
1.244
1.342
1.359
1.332
1.278
1.306
1.155
1.287
1.338
1.427
1.411
1.362
1.474
1.342
1.473
1.499
1.4
1.487
