1.006
0.833
0.832
0.825
0.83
0.885
0.843
0.821
0.963
0.876
0.868
0.842
0.911
0.976
0.963
0.838
0.942
0.837
0.847
0.968
0.934
0.977
1.028
0.982
1.055
1.062
1.017
1.119
1.122
1.167
1.224
1.084
1.17
1.177
1.052
1.144
1.25
1.232
1.289
1.219
1.206
1.171
1.09
1.17
1.351
1.095
1.273
1.178
1.176
1.197
1.22
1.286
1.193
1.18
1.393
1.262
1.297
1.301
1.245
1.187
1.299
1.223
1.257
1.322
1.27
1.352
1.258
1.443
1.225
1.25
1.483
1.269
1.422
1.317
1.384
1.482
1.392
1.411
1.387
1.415
1.469
1.459
1.428
1.236
1.449
1.289
1.308
1.421
1.436
1.462
1.447
1.431
1.457
1.459
1.515
1.665
1.625
1.532
1.489
1.53
1.492
