2.033
1.632
1.606
1.627
1.635
1.698
1.575
1.478
1.563
1.76
1.617
1.522
1.725
1.709
1.636
1.686
1.653
1.693
1.754
1.893
1.675
2.153
1.772
1.836
1.861
1.869
1.975
2.105
1.952
1.892
1.961
1.816
1.947
2.051
1.987
1.908
1.898
1.754
2.058
1.873
1.805
1.824
1.688
1.962
1.889
2.022
1.901
2.075
2.049
1.784
1.797
1.991
1.681
2.129
1.939
2.062
2.039
1.883
2.087
2.024
2.043
1.958
1.789
1.98
2.047
2.103
2.162
2.037
2.319
2.215
2.053
2.255
2.259
2.254
2.125
2.083
2.172
2.207
2.265
2.233
2.192
2.148
2.133
2.257
2.161
2.269
2.454
2.401
2.14
2.226
2.094
2.447
2.62
2.401
2.532
2.332
2.398
2.423
2.604
2.49
