0.852
0.743
0.741
0.747
0.716
0.704
0.722
0.641
0.673
0.703
0.808
0.763
0.728
0.73
0.657
0.764
0.727
0.794
0.765
0.885
0.734
0.837
0.768
0.777
0.724
0.757
0.886
0.897
0.857
0.866
0.851
0.776
0.838
0.829
0.925
0.877
0.997
0.926
1.074
0.969
0.947
1.07
0.924
0.937
0.914
0.967
1.001
0.932
1.12
1.012
1.097
1.124
1.184
1.066
1.177
1.024
1.204
1.068
1.14
0.948
1.268
1.085
1.187
1.087
1.062
1.078
1.082
1.091
1.125
1.135
0.997
1.126
1.101
1.206
1.115
1.113
1.101
1.143
1.1
1.189
1.201
1.233
1.212
1.3
1.243
1.159
1.136
1.289
1.256
1.113
1.201
1.283
1.371
1.337
1.413
1.433
1.245
1.261
1.325
1.272
1.303
1.394
