0.257
0.233
0.209
0.184
0.211
0.187
0.218
0.191
0.189
0.207
0.178
0.216
0.181
0.211
0.161
0.21
0.202
0.179
0.216
0.181
0.176
0.207
0.189
0.211
0.191
0.191
0.202
0.188
0.199
0.197
0.184
0.206
0.188
0.202
0.201
0.18
0.216
0.2
0.215
0.167
0.207
0.205
0.212
0.212
0.182
0.187
0.208
0.207
0.187
0.236
0.203
0.199
0.195
0.208
0.207
0.188
0.19
0.21
0.219
0.208
0.194
0.209
0.216
0.222
0.199
0.2
0.218
0.212
0.206
0.189
0.195
0.209
0.211
0.182
0.2
0.209
0.379
0.21
0.289
0.21
0.254
0.229
0.193
0.203
0.204
0.202
0.235
0.221
0.228
0.22
0.21
0.246
0.226
0.264
0.208
0.256
0.24
0.215
0.254
0.226
0.247
0.21
0.228
0.292
0.228
0.232
0.276
0.248
0.238
