0.245
0.211
0.197
0.171
0.182
0.165
0.198
0.196
0.19
0.205
0.171
0.207
0.213
0.2
0.187
0.189
0.177
0.186
0.167
0.186
0.188
0.186
0.177
0.177
0.164
0.204
0.202
0.203
0.191
0.186
0.183
0.229
0.202
0.205
0.195
0.2
0.194
0.184
0.206
0.173
0.21
0.216
0.212
0.248
0.228
0.199
0.185
0.184
0.188
0.169
0.188
0.268
0.188
0.196
0.222
0.161
0.233
0.195
0.206
0.215
0.181
0.202
0.2
0.22
0.189
0.21
0.187
0.159
0.182
0.173
0.23
0.206
0.218
0.169
0.195
0.193
0.194
0.196
0.189
0.201
0.181
0.192
0.196
0.194
0.168
0.178
0.17
0.209
0.257
0.196
0.184
0.266
0.184
0.255
0.231
0.197
0.193
0.19
0.182
0.2
0.211
0.195
0.178
0.203
0.199
0.176
0.211
0.253
