0.277
0.298
0.252
0.221
0.23
0.221
0.236
0.219
0.237
0.24
0.238
0.219
0.23
0.235
0.215
0.294
0.238
0.25
0.269
0.249
0.269
0.219
0.294
0.255
0.234
0.245
0.239
0.261
0.288
0.247
0.237
0.28
0.219
0.261
0.214
0.257
0.225
0.249
0.261
0.224
0.212
0.245
0.23
0.238
0.235
0.268
0.258
0.211
0.204
0.225
0.24
0.29
0.231
0.284
0.253
0.24
0.264
0.253
0.259
0.281
0.268
0.301
0.237
0.286
0.235
0.276
0.246
0.232
0.279
0.246
0.269
0.213
0.279
0.285
0.252
0.292
0.282
0.245
0.245
0.234
0.282
0.25
0.299
0.252
0.282
0.265
0.311
0.298
0.3
0.256
0.257
0.251
0.249
0.233
0.239
0.269
0.224
0.237
0.299
0.242
0.254
0.288
0.285
0.258
0.232
0.254
0.247
0.232
0.269
0.222
0.264
