0.857
0.907
0.824
0.812
0.818
0.811
0.805
0.828
0.83
0.811
0.819
0.754
0.815
0.835
0.824
0.817
0.817
0.823
0.808
0.808
0.816
0.807
0.819
0.833
0.826
0.803
0.818
0.831
0.806
0.81
0.817
0.825
0.832
0.814
0.817
0.824
0.815
0.819
0.815
0.816
0.805
0.821
0.816
0.816
0.812
0.808
0.811
0.806
0.81
0.825
0.81
0.815
0.822
0.805
0.807
0.805
0.801
0.814
0.83
0.819
0.834
0.834
0.833
0.821
0.823
0.824
0.801
0.815
0.81
0.811
0.81
0.814
0.815
0.814
0.81
0.831
0.82
0.83
0.81
0.813
0.831
0.821
0.808
0.8
0.803
0.815
0.835
0.813
0.816
0.816
0.824
0.816
0.831
0.826
0.816
0.814
0.819
0.804
0.805
0.83
0.817
