0.53
0.373
0.363
0.405
0.372
0.37
0.442
0.422
0.394
0.355
0.39
0.389
0.352
0.36
0.324
0.362
0.388
0.36
0.386
0.406
0.371
0.376
0.383
0.379
0.394
0.392
0.351
0.364
0.393
0.415
0.406
0.362
0.388
0.361
0.386
0.442
0.425
0.378
0.453
0.422
0.425
0.433
0.431
0.473
0.426
0.357
0.424
0.43
0.436
0.42
0.384
0.357
0.4
0.407
0.455
0.373
0.435
0.42
0.417
0.448
0.535
0.456
0.503
0.492
0.43
0.438
0.414
0.469
0.466
0.58
0.45
0.501
0.6
0.561
0.495
0.43
0.465
0.483
0.518
0.49
0.446
0.463
0.58
0.458
0.501
0.432
0.456
0.445
0.526
0.501
0.477
0.49
0.425
0.554
0.499
0.545
0.481
0.461
0.538
0.45
0.462
0.522
0.607
0.607
0.542
0.522
0.508
0.507
0.489
0.544
0.589
0.538
0.508
0.592
0.51
0.543
0.567
0.6
0.573
0.544
0.641
0.569
0.571
0.568
0.568
0.639
0.554
0.559
0.465
0.574
0.537
0.565
0.577
0.643
0.595
0.601
0.63
0.605
0.638
0.528
0.604
0.521
0.62
0.603
