0.814
0.728
0.747
0.79
0.648
0.729
0.779
0.816
0.732
0.757
0.768
0.717
0.766
0.732
0.787
0.875
0.879
0.658
0.754
0.785
0.795
0.71
0.825
0.681
0.765
0.79
0.798
0.774
0.788
0.704
1.606
0.715
0.745
0.85
0.744
0.696
0.723
1.211
0.912
0.822
0.807
0.798
0.727
0.855
0.807
0.87
0.766
0.796
0.88
0.824
0.915
0.751
0.732
0.919
0.935
0.965
0.87
0.892
1.018
1.022
0.905
0.933
1.022
0.932
0.882
0.879
0.953
1.024
0.802
1.038
0.785
0.881
0.854
0.859
0.899
0.8
0.785
1.012
0.855
0.92
0.818
0.861
0.825
1.634
1.014
0.93
0.974
0.898
0.92
0.953
0.921
0.89
1.001
0.938
0.916
1.017
0.905
1.063
0.908
0.937
0.869
1.094
