1.477
1.318
1.301
1.451
1.375
1.368
1.294
1.449
1.283
1.473
1.303
1.317
1.356
1.21
1.445
1.391
1.313
1.341
1.327
1.622
1.569
1.477
1.589
1.648
1.655
1.579
1.577
1.542
1.764
1.584
1.574
1.672
1.799
1.469
1.633
1.704
1.597
1.626
1.531
1.498
1.514
1.552
1.513
1.633
1.684
1.659
1.655
1.654
1.61
1.664
1.623
1.748
1.67
1.716
1.768
1.747
1.709
1.722
1.752
1.741
1.724
1.821
1.703
1.732
1.74
1.848
1.725
1.704
1.842
1.969
1.851
1.758
1.662
1.798
1.865
1.704
1.94
1.696
1.83
1.837
1.914
1.898
1.861
1.975
1.929
1.978
2.015
1.972
1.95
2.029
2.099
1.93
1.843
2.023
2.064
2.035
2.135
2.115
2.086
2.033
2.109
2.065
2.058
1.913
2.13
1.987
2.169
2.149
2.133
2.06
2.108
2.079
2.147
1.974
2.26
2.265
2.336
2.288
