2.073
2.072
1.979
2.266
1.976
1.799
2.115
1.771
2.247
1.749
1.665
2.208
2.041
1.953
2.366
2.473
2.319
1.979
2.046
1.984
2.216
2.181
2.038
1.975
2.293
1.819
1.906
2.131
1.852
2.039
2.221
2.438
2.283
1.869
2.234
2.084
2.157
2.018
1.874
2.133
2.328
2.272
1.996
2.09
2.215
1.809
2.145
2.139
2.165
2.244
1.963
1.911
2.237
2.197
1.824
1.785
2.046
2.303
1.923
1.937
1.958
2.244
2.145
2.005
2.097
1.844
2.056
1.975
2.131
2.29
2.484
2.13
2.167
2.292
1.869
2.234
2.326
2.194
2.025
1.997
2.402
2.325
1.87
1.952
2.017
2.244
2.13
2.232
1.957
1.979
2.057
2.192
1.935
1.948
2.242
2.35
2.308
1.962
1.944
1.94
