0.752
0.746
0.73
0.734
0.735
0.658
0.732
0.737
0.741
0.731
0.734
0.732
0.736
0.747
0.724
0.73
0.653
0.742
0.739
0.731
0.737
0.742
0.733
0.76
0.76
0.737
0.732
0.726
0.731
0.746
0.723
0.729
0.773
0.726
0.749
0.729
0.747
0.74
0.734
0.721
0.755
0.749
0.741
0.754
0.736
0.742
0.729
0.738
0.72
0.738
0.733
0.748
0.732
0.733
0.738
0.732
0.742
0.735
0.74
0.741
0.737
0.73
0.733
0.744
0.741
0.733
0.734
0.747
0.73
0.745
0.724
0.717
0.744
0.729
0.735
0.746
0.747
0.727
0.751
0.746
0.734
0.742
0.735
0.732
0.728
0.726
0.73
0.744
0.732
0.746
0.739
0.727
0.732
0.736
0.729
0.737
0.733
0.743
0.747
0.728
0.742
0.746
0.727
0.755
0.739
0.75
