2.607
1.375
1.253
1.478
1.334
1.398
1.345
1.219
1.367
1.372
1.409
1.35
1.481
1.323
1.378
1.638
1.299
1.365
1.275
1.264
1.227
1.378
1.327
1.272
1.305
1.347
1.44
1.492
1.603
1.456
1.483
1.385
1.577
1.416
1.547
1.321
1.695
1.73
1.501
1.536
1.548
1.5
1.49
1.437
1.479
1.471
1.38
1.451
1.372
1.288
1.325
1.301
1.377
1.481
1.468
1.195
1.316
1.365
1.717
1.544
1.607
1.389
1.583
1.367
1.338
1.275
1.479
1.446
1.499
1.512
1.599
1.36
1.513
1.656
1.561
1.746
1.549
1.439
1.458
1.452
1.391
1.54
1.852
1.559
1.443
1.58
1.392
1.585
1.394
1.548
1.719
1.49
1.417
1.556
1.396
1.42
1.682
1.692
1.629
1.562
1.783
1.627
1.476
1.636
