1.267
1.209
1.171
1.174
1.238
1.164
1.222
1.217
1.158
1.203
1.222
1.18
1.164
1.17
1.218
1.183
1.229
1.175
1.192
1.19
1.17
1.232
1.218
1.191
1.234
1.212
1.211
1.158
1.227
1.226
1.205
1.178
1.197
1.161
1.235
1.206
1.204
2.106
1.623
1.218
1.541
1.349
1.229
1.255
1.217
1.14
1.23
1.273
1.279
1.387
1.277
1.564
1.268
1.35
1.298
1.326
1.481
1.257
1.309
1.341
1.285
1.366
1.327
1.324
1.292
1.394
1.456
1.412
1.346
1.417
1.384
1.364
1.296
1.381
1.434
1.293
1.334
1.354
1.353
1.339
1.316
1.336
1.446
1.402
1.299
1.438
1.38
1.729
1.346
1.327
1.304
1.583
1.246
1.251
1.314
1.257
1.259
1.333
1.292
1.272
1.311
1.439
1.395
1.29
1.394
1.453
1.322
1.437
1.416
1.392
1.333
1.402
1.295
1.522
1.373
1.341
1.447
1.372
1.296
1.381
1.464
1.47
1.413
1.413
1.451
1.431
1.393
1.346
1.35
1.323
1.251
1.413
1.47
1.414
1.384
1.38
1.387
1.44
1.4
1.45
1.447
1.438
1.405
1.377
1.489
1.527
1.369
1.442
1.389
1.511
1.42
1.454
1.412
1.421
1.405
1.431
1.458
1.399
1.387
1.408
1.441
1.555
1.478
1.384
1.489
1.478
