3.057
3.292
3.596
2.828
2.873
3.516
3.406
2.916
2.862
2.881
3.488
3.383
2.879
3.076
3.476
2.935
2.836
2.83
2.848
3.54
2.901
2.915
2.844
2.86
2.887
2.888
2.797
2.839
3.385
3.245
2.859
3.474
2.868
2.872
2.864
2.875
2.897
3.242
2.861
3.491
3.242
3.498
3.153
2.864
2.829
2.873
2.925
3.482
2.885
2.857
3.333
2.84
2.865
2.936
3.568
2.834
2.85
3.292
2.846
2.856
3.13
2.841
3.224
2.84
3.077
2.902
2.881
2.86
3.342
2.98
2.885
2.918
2.886
2.842
2.892
3.496
3.523
2.911
2.878
3.268
2.847
3.348
3.248
2.869
2.946
3.117
3.248
2.884
3.467
3.321
2.868
3.763
3.455
2.848
3.536
3.318
2.886
2.954
2.931
3.526
