1.595
1.691
1.556
1.855
1.538
1.595
1.582
1.543
1.583
1.838
1.593
1.929
1.936
1.563
1.528
1.608
1.58
1.591
1.574
1.553
1.898
1.557
1.557
1.573
1.604
1.59
2.056
1.603
2.134
1.83
1.856
1.752
1.508
1.868
1.574
1.603
1.612
1.919
2.087
1.582
1.643
1.63
1.841
1.574
1.569
1.62
1.467
1.608
1.574
1.594
1.568
1.567
1.551
1.876
1.577
1.542
1.572
1.563
1.553
1.575
1.944
1.568
1.773
1.824
1.596
1.551
1.636
1.594
1.575
1.581
1.541
1.557
1.544
1.562
1.554
1.597
1.875
1.607
1.515
1.894
1.562
1.601
1.58
1.571
1.574
1.54
1.559
2.026
1.55
1.762
1.577
1.597
1.615
1.608
1.587
1.828
1.594
1.946
1.581
1.796
