0.499
0.465
0.385
0.438
0.417
0.425
0.394
0.44
0.391
0.425
0.397
0.38
0.401
0.393
0.386
0.45
0.334
0.405
0.363
0.375
0.395
0.42
0.391
0.46
0.442
0.415
0.414
0.408
0.409
0.417
0.418
0.419
0.477
0.468
0.422
0.439
0.415
0.414
0.464
0.498
0.43
0.454
0.439
0.478
0.384
0.504
0.431
0.469
0.435
0.462
0.522
0.497
0.457
0.502
0.748
0.545
0.473
0.525
0.486
0.589
0.522
0.467
0.453
0.556
0.487
0.587
0.527
0.549
0.616
0.504
0.554
0.48
0.552
0.502
0.539
0.541
0.575
0.576
0.522
0.56
0.658
0.54
0.482
0.538
0.552
0.518
0.52
0.504
0.493
0.599
0.529
0.531
0.578
0.507
0.571
0.57
0.489
0.556
0.445
0.524
0.504
0.477
0.533
0.484
0.542
0.552
0.489
