1.449
1.284
1.253
1.28
1.314
1.349
1.357
1.318
1.3
1.421
1.282
1.147
1.48
1.27
1.393
1.311
1.186
1.394
1.108
1.379
1.171
1.244
1.287
1.316
1.25
1.249
1.155
1.167
1.323
1.287
1.252
1.25
1.153
1.383
1.263
1.351
1.249
1.262
1.493
1.294
1.246
1.397
1.291
1.206
1.45
1.171
1.266
1.212
1.27
1.451
1.213
1.339
1.44
1.349
1.165
1.425
1.232
1.384
1.382
1.396
1.403
1.257
1.359
1.387
1.322
1.335
1.178
1.338
1.286
1.368
1.347
1.411
1.252
1.28
1.415
1.451
1.397
1.258
1.367
1.354
1.417
1.392
1.214
1.341
1.293
1.196
1.242
1.355
1.349
1.359
1.476
1.367
1.272
1.445
1.274
1.369
1.298
1.371
1.253
1.573
1.387
1.347
1.328
1.217
2.148
1.291
1.366
1.205
1.335
1.281
1.39
1.368
1.257
1.442
1.294
1.487
1.282
1.296
1.27
1.406
1.296
1.318
1.381
1.309
1.247
1.554
1.281
1.325
2.181
1.397
1.368
1.505
1.373
1.231
1.37
1.351
1.329
1.205
1.281
1.311
1.267
1.41
1.401
1.326
1.513
1.198
1.381
1.281
1.426
1.36
1.463
1.29
1.301
1.263
1.514
1.407
1.474
1.378
1.303
1.285
1.306
1.39
1.357
1.307
1.39
1.336
1.366
1.342
1.321
1.568
1.316
1.253
1.356
1.392
