1.198
1.064
1.058
1.161
1.046
0.948
1.061
1.124
1.003
1.033
1.067
0.999
1.001
1.135
1.132
1.087
1.02
1.072
1.07
1.368
1.144
1.17
1.118
1.214
1.262
1.182
1.152
1.246
1.225
1.264
1.38
1.292
1.432
1.439
1.232
1.135
1.299
1.387
1.188
1.307
1.365
1.321
1.58
1.523
1.5
1.322
1.396
1.39
1.495
1.412
1.508
1.639
1.496
1.408
1.514
1.478
1.486
1.444
1.547
1.618
1.545
1.438
1.546
1.615
1.59
1.54
1.499
1.697
1.522
1.52
1.476
1.743
1.583
1.504
1.537
1.587
1.695
1.739
1.546
1.639
1.626
1.702
1.556
1.707
1.582
1.69
1.57
1.757
1.821
1.598
1.615
1.694
1.605
1.661
1.741
1.776
1.874
1.755
1.72
1.868
1.62
1.7
