0.439
0.433
0.371
0.326
0.353
0.478
0.39
0.329
0.392
0.347
0.396
0.335
0.385
0.362
0.345
0.406
0.373
0.336
0.386
0.441
0.403
0.459
0.347
0.398
0.457
0.376
0.475
0.409
0.414
0.387
0.459
0.447
0.408
0.378
0.36
0.436
0.406
0.573
0.48
0.377
0.428
0.5
0.425
0.508
0.392
0.52
0.408
0.374
0.521
0.435
0.441
0.431
0.553
0.442
0.44
0.498
0.385
0.515
0.407
0.45
0.453
0.395
0.521
0.515
0.467
0.497
0.525
0.436
0.458
0.487
0.479
0.407
0.413
0.548
0.539
0.433
0.519
0.479
0.472
0.468
0.457
0.429
0.449
0.511
0.456
0.555
0.482
0.535
0.439
0.474
0.561
0.443
0.469
0.505
0.471
0.56
0.572
0.57
0.492
0.526
0.475
0.507
0.514
0.464
0.535
0.494
0.484
0.511
0.492
