0.822
0.809
0.801
0.841
0.804
0.796
0.814
0.818
0.81
0.804
0.809
0.806
0.803
0.809
0.791
0.808
0.811
0.792
0.806
0.799
0.795
0.799
0.798
0.818
0.809
0.713
0.783
0.801
0.804
0.807
0.811
0.801
0.801
0.84
0.806
0.814
0.826
0.803
0.802
0.811
0.81
0.803
0.796
0.802
0.806
0.842
0.808
0.818
0.806
0.811
0.795
0.809
0.818
0.822
0.822
0.813
0.809
0.811
0.797
0.822
0.817
0.806
0.8
0.824
0.815
0.827
0.812
0.864
0.813
0.813
0.82
0.816
0.84
0.815
0.809
0.799
0.802
0.808
0.831
0.812
0.812
0.815
0.801
0.812
0.809
0.817
0.8
0.805
0.857
0.807
0.82
0.821
0.822
0.809
0.803
0.794
0.797
0.811
0.839
0.809
0.81
0.824
0.809
0.826
0.813
0.805
0.817
0.841
0.897
0.81
0.863
0.818
0.811
0.812
0.818
0.805
0.879
0.856
0.81
0.872
0.854
