0.967
0.828
0.848
0.867
0.809
0.833
0.775
0.819
0.872
0.848
0.801
0.842
0.757
0.81
0.861
0.827
0.865
0.928
0.791
0.876
0.777
1.194
0.979
0.975
1.076
1
1.008
0.968
0.908
1.04
1.038
0.941
1.138
1.135
1.022
1.057
1.068
0.943
1.089
1.114
1.03
1.139
1.211
1.187
1.121
1.172
1.119
1.093
1.232
1.184
1.162
1.208
1.219
0.974
1.126
1.112
1.149
1.179
1.209
1.207
1.354
1.169
1.18
1.31
1.227
1.203
1.282
1.317
1.203
1.141
1.222
1.214
1.327
1.096
1.324
1.209
1.295
1.319
1.252
1.299
1.326
1.289
1.218
1.288
1.371
1.336
1.377
1.455
1.435
1.366
1.502
1.298
1.3
1.444
1.511
1.375
1.395
1.461
1.48
1.469
