0.833
0.744
0.758
0.863
0.796
0.686
0.76
0.657
0.709
0.725
0.714
0.725
0.682
0.7
0.824
0.769
0.77
0.703
0.816
0.86
0.705
0.814
0.763
0.918
0.913
0.822
1.062
0.896
1.006
0.94
0.963
0.861
0.879
0.91
1.009
0.886
1.016
0.928
0.962
0.947
0.918
0.895
0.967
0.895
1.023
1.062
1.08
0.851
0.99
0.94
0.902
0.875
0.869
1.069
0.98
1.037
1.199
1.079
1.172
1.002
1.037
0.93
1.055
1.042
1.077
0.943
1.102
0.965
1.12
1.07
1.006
1.05
1.117
1.086
1.279
1.123
1.185
1.29
1.2
1.182
1.202
1.059
1.164
1.385
1.099
1.257
1.23
1.244
1.21
1.332
1.25
1.361
1.442
1.251
1.381
1.293
1.66
1.368
1.232
1.289
1.29
1.314
1.263
1.301
