0.095
0.126
0.126
0.12
0.117
0.117
0.118
0.121
0.12
0.119
0.119
0.116
0.123
0.126
0.12
0.081
0.081
0.12
0.127
0.117
0.122
0.116
0.121
0.117
0.122
0.12
0.119
0.116
0.116
0.12
0.121
0.12
0.121
0.118
0.12
0.119
0.118
0.118
0.11
0.116
0.12
0.113
0.119
0.117
0.121
0.118
0.118
0.116
0.118
0.116
0.117
0.118
0.119
0.118
0.121
0.12
0.12
0.119
0.122
0.121
0.116
0.118
0.117
0.117
0.126
0.123
0.118
0.118
0.116
0.115
0.119
0.114
0.117
0.119
0.12
0.12
0.117
0.123
0.119
0.119
0.121
0.118
0.116
0.117
0.119
0.118
0.12
0.119
0.12
0.12
0.118
0.119
0.118
0.109
0.119
0.118
0.115
0.116
0.116
0.118
0.12
