0.033
0.018
0.015
0.014
0.022
0.016
0.022
0.021
0.02
0.014
0.014
0.015
0.014
0.014
0.018
0.011
0.022
0.013
0.019
0.021
0.012
0.015
0.029
0.012
0.013
0.015
0.015
0.02
0.013
0.015
0.017
0.013
0.015
0.025
0.021
0.017
0.015
0.033
0.017
0.022
0.022
0.015
0.024
0.013
0.023
0.012
0.027
0.016
0.012
0.016
0.023
0.018
0.017
0.016
0.02
0.017
0.018
0.016
0.014
0.016
0.013
0.013
0.027
0.016
0.04
0.015
0.022
0.027
0.011
0.02
0.013
0.019
0.016
0.013
0.011
0.02
0.014
0.014
0.02
0.022
0.01
0.013
0.013
0.013
0.013
0.019
0.012
0.032
0.014
0.015
0.015
0.02
0.012
0.037
0.023
0.014
0.016
0.015
0.014
0.012
0.026
0.024
0.012
0.028
0.014
0.014
0.016
