0.134
0.095
0.125
0.124
0.119
0.118
0.124
0.124
0.124
0.123
0.124
0.125
0.124
0.124
0.083
0.125
0.128
0.118
0.123
0.123
0.12
0.125
0.121
0.123
0.121
0.123
0.127
0.118
0.121
0.118
0.121
0.123
0.119
0.119
0.118
0.118
0.115
0.123
0.126
0.123
0.127
0.128
0.127
0.126
0.122
0.124
0.117
0.118
0.12
0.121
0.122
0.116
0.121
0.121
0.119
0.12
0.122
0.12
0.123
0.122
0.121
0.119
0.12
0.127
0.124
0.122
0.125
0.147
0.13
0.121
0.123
0.118
0.122
0.118
0.122
0.121
0.122
0.121
0.083
0.118
0.122
0.119
0.117
0.113
0.12
0.122
0.123
0.119
0.125
0.122
0.123
0.123
0.125
0.126
0.127
0.124
0.123
0.124
0.123
0.123
