0.034
0.014
0.025
0.014
0.02
0.014
0.019
0.021
0.015
0.01
0.009
0.023
0.016
0.013
0.017
0.012
0.011
0.02
0.013
0.012
0.016
0.012
0.011
0.01
0.016
0.01
0.011
0.019
0.019
0.016
0.014
0.012
0.012
0.017
0.015
0.016
0.018
0.02
0.028
0.012
0.01
0.009
0.015
0.011
0.01
0.015
0.015
0.022
0.013
0.013
0.016
0.011
0.011
0.011
0.015
0.014
0.011
0.013
0.013
0.019
0.014
0.011
0.011
0.015
0.016
0.011
0.013
0.014
0.028
0.011
0.017
0.012
0.026
0.016
0.016
0.012
0.011
0.021
0.014
0.027
0.023
0.014
0.01
0.042
0.02
0.017
0.019
0.012
0.02
0.027
0.015
0.01
0.01
0.017
0.009
0.016
0.016
0.012
0.016
0.027
0.009
0.015
0.017
0.013
0.009
0.015
0.009
0.012
