0.133
0.127
0.12
0.12
0.121
0.12
0.117
0.124
0.12
0.12
0.122
0.12
0.121
0.087
0.119
0.121
0.118
0.12
0.12
0.124
0.12
0.115
0.12
0.12
0.118
0.114
0.119
0.121
0.119
0.12
0.12
0.119
0.118
0.116
0.12
0.119
0.119
0.119
0.126
0.121
0.118
0.116
0.114
0.119
0.12
0.117
0.119
0.118
0.115
0.119
0.115
0.081
0.115
0.117
0.119
0.12
0.115
0.119
0.119
0.117
0.123
0.119
0.117
0.119
0.121
0.122
0.116
0.115
0.114
0.116
0.119
0.119
0.121
0.081
0.118
0.111
0.121
0.119
0.119
0.118
0.118
0.118
0.117
0.119
0.12
0.115
0.113
0.121
0.116
0.118
0.081
0.118
0.119
0.118
0.106
0.119
0.118
0.12
0.118
0.12
0.118
