0.088
0.069
0.077
0.079
0.056
0.063
0.06
0.082
0.061
0.062
0.072
0.096
0.06
0.086
0.058
0.056
0.071
0.069
0.075
0.066
0.068
0.057
0.076
0.097
0.056
0.061
0.062
0.055
0.074
0.072
0.064
0.06
0.064
0.055
0.083
0.087
0.063
0.052
0.061
0.085
0.075
0.064
0.07
0.072
0.07
0.07
0.086
0.064
0.095
0.058
0.089
0.068
0.067
0.071
0.07
0.08
0.075
0.061
0.069
0.077
0.084
0.081
0.068
0.076
0.082
0.068
0.068
0.08
0.069
0.077
0.065
0.114
0.068
0.068
0.071
0.07
0.074
0.085
0.075
0.072
0.085
0.123
0.075
0.098
0.069
0.085
0.074
0.078
0.091
0.066
0.075
0.091
0.076
0.062
0.07
0.087
0.077
0.072
0.071
0.085
