0.195
0.164
0.167
0.164
0.159
0.165
0.162
0.162
0.166
0.162
0.157
0.167
0.163
0.161
0.151
0.169
0.149
0.144
0.168
0.17
0.165
0.165
0.16
0.164
0.164
0.156
0.138
0.16
0.171
0.161
0.16
0.16
0.153
0.159
0.161
0.171
0.169
0.172
0.163
0.164
0.161
0.17
0.163
0.167
0.171
0.164
0.16
0.16
0.161
0.17
0.165
0.161
0.161
0.16
0.165
0.168
0.157
0.16
0.162
0.16
0.169
0.169
0.173
0.165
0.173
0.162
0.166
0.163
0.161
0.156
0.165
0.154
0.158
0.16
0.159
0.164
0.165
0.162
0.159
0.16
0.162
0.155
0.176
0.162
0.156
0.164
0.168
0.172
0.168
0.166
0.169
0.159
0.17
0.167
0.162
0.164
0.16
0.156
0.163
0.159
