0.115
0.086
0.08
0.093
0.088
0.057
0.055
0.067
0.059
0.073
0.063
0.065
0.079
0.061
0.057
0.057
0.057
0.066
0.058
0.088
0.088
0.066
0.066
0.063
0.061
0.098
0.063
0.062
0.058
0.063
0.066
0.081
0.075
0.082
0.065
0.073
0.058
0.056
0.08
0.084
0.062
0.057
0.065
0.075
0.064
0.066
0.09
0.058
0.076
0.083
0.055
0.102
0.066
0.059
0.092
0.059
0.057
0.061
0.062
0.102
0.084
0.064
0.066
0.059
0.057
0.087
0.098
0.074
0.062
0.069
0.065
0.066
0.063
0.064
0.094
0.064
0.095
0.056
0.058
0.07
0.089
0.077
0.109
0.092
0.061
0.067
0.057
0.087
0.082
0.086
0.059
0.064
0.065
0.067
0.066
0.073
0.068
0.079
0.057
0.06
0.068
0.067
0.067
0.066
0.068
0.058
0.067
0.064
0.091
0.068
0.07
0.062
0.083
0.071
0.103
0.084
0.054
0.065
0.072
0.071
0.059
0.067
0.08
0.071
0.068
0.067
0.09
0.075
0.071
0.069
0.074
0.092
0.07
0.076
0.073
0.063
0.096
0.079
0.057
0.092
0.059
0.078
0.062
0.064
0.059
0.072
0.06
0.095
0.088
0.06
0.101
0.064
0.058
0.059
0.086
0.099
0.095
0.068
0.064
0.063
0.083
0.065
0.078
0.075
0.092
0.065
0.063
0.072
0.078
0.062
0.065
0.051
0.065
0.086
