0.13
0.121
0.123
0.126
0.118
0.12
0.121
0.123
0.114
0.12
0.122
0.12
0.121
0.121
0.121
0.12
0.118
0.119
0.119
0.12
0.12
0.117
0.119
0.121
0.081
0.117
0.116
0.116
0.124
0.085
0.121
0.12
0.118
0.12
0.12
0.117
0.121
0.12
0.121
0.12
0.12
0.115
0.117
0.119
0.12
0.117
0.115
0.12
0.116
0.12
0.121
0.121
0.12
0.117
0.12
0.123
0.122
0.12
0.121
0.119
0.118
0.12
0.121
0.128
0.12
0.121
0.124
0.116
0.123
0.119
0.12
0.121
0.125
0.121
0.125
0.121
0.122
0.119
0.119
0.119
0.118
0.121
0.115
0.118
0.116
0.121
0.119
0.125
0.116
0.121
0.12
0.116
0.114
0.12
0.12
0.115
0.121
0.116
0.12
0.119
