0.129
0.123
0.124
0.123
0.122
0.12
0.117
0.085
0.119
0.121
0.12
0.116
0.114
0.12
0.118
0.125
0.118
0.12
0.12
0.122
0.12
0.121
0.12
0.123
0.121
0.121
0.12
0.12
0.084
0.116
0.119
0.119
0.123
0.12
0.12
0.12
0.119
0.116
0.119
0.122
0.12
0.121
0.128
0.12
0.117
0.117
0.118
0.121
0.122
0.082
0.119
0.12
0.123
1.157
0.118
0.12
0.119
0.116
0.121
0.12
0.121
0.113
0.116
0.127
0.119
0.121
0.121
0.119
0.121
0.123
0.118
0.119
0.124
0.124
0.122
0.12
0.12
0.114
0.123
0.122
0.12
0.119
0.12
0.123
0.121
0.122
0.119
0.119
0.111
0.118
0.116
0.131
0.12
0.122
0.115
0.121
0.12
0.115
0.123
0.119
0.12
0.118
0.119
0.119
0.118
0.117
0.119
0.121
0.115
0.116
0.117
0.12
0.118
0.12
0.116
0.119
0.12
0.116
0.119
0.12
0.111
