0.134
0.124
0.13
0.121
0.122
0.121
0.12
0.122
0.113
0.12
0.121
0.121
0.121
0.12
0.121
0.124
0.122
0.121
0.119
0.117
0.121
0.118
0.119
0.116
0.12
0.121
0.119
0.121
0.121
0.118
0.119
0.118
0.119
0.115
0.121
0.12
0.123
0.119
0.122
0.119
0.121
0.12
0.122
0.119
0.12
0.12
0.115
0.12
0.119
0.124
0.121
0.119
0.123
0.124
0.117
0.116
0.121
0.119
0.119
0.119
0.119
0.115
0.122
0.128
0.121
0.118
0.12
0.119
0.121
0.122
0.119
0.119
0.119
0.122
0.111
0.121
0.119
0.12
0.122
0.121
0.121
0.123
0.119
0.118
0.122
0.12
0.121
0.121
0.117
0.12
0.121
0.121
0.115
0.123
0.12
0.112
0.119
0.121
0.117
0.118
0.121
0.115
0.119
0.118
0.114
0.119
0.115
0.112
0.141
0.118
0.114
0.117
0.121
0.12
0.117
0.121
0.121
0.119
0.12
0.116
0.122
0.141
0.12
0.12
0.115
0.121
0.117
0.121
0.12
0.12
0.12
0.137
0.119
0.115
0.118
0.122
0.116
0.123
0.12
0.127
0.121
0.123
0.117
0.114
0.119
0.119
0.12
0.12
0.122
0.12
0.119
0.117
0.12
0.121
0.116
0.12
0.12
0.121
0.111
0.119
0.121
0.121
0.121
0.118
0.119
0.12
