0.223
0.153
0.183
0.171
0.163
0.159
0.163
0.171
0.159
0.164
0.219
0.153
0.164
0.156
0.164
0.154
0.157
0.16
0.155
0.127
0.161
0.171
0.165
0.161
0.16
0.163
0.158
0.159
0.156
0.163
0.159
0.154
0.159
0.157
0.159
0.162
0.155
0.165
0.158
0.155
0.161
0.137
0.158
0.166
0.156
0.156
0.157
0.159
0.163
0.162
0.163
0.164
0.16
0.166
0.156
0.179
0.166
0.162
0.162
0.172
0.156
0.156
0.16
0.159
0.154
0.162
0.159
0.158
0.158
0.168
0.165
0.161
0.154
0.166
0.157
0.16
0.16
0.159
0.154
0.16
0.157
0.161
0.165
0.158
0.156
0.159
0.159
0.154
0.158
0.16
0.163
0.16
0.161
0.16
0.161
0.16
0.161
0.156
0.156
0.16
