0.128
0.121
0.118
0.121
0.116
0.12
0.12
0.118
0.118
0.117
0.115
0.118
0.119
0.119
0.125
0.116
0.121
0.115
0.125
0.114
0.117
0.122
0.119
0.119
0.121
0.119
0.116
0.111
0.119
0.12
0.119
0.119
0.117
0.118
0.119
0.107
0.118
0.119
0.118
0.121
0.115
0.118
0.121
0.121
0.12
0.119
0.116
0.12
0.118
0.121
0.118
0.118
0.119
0.12
0.118
0.116
0.117
0.119
0.117
0.119
0.119
0.119
0.119
0.121
0.122
0.116
0.118
0.121
0.118
0.119
0.12
0.121
0.118
0.116
0.117
0.12
0.118
0.119
0.121
0.119
0.119
0.115
0.119
0.11
0.119
0.115
0.119
0.115
0.12
0.115
0.117
0.117
0.119
0.116
0.12
0.118
0.119
0.119
0.115
0.118
