0.085
0.16
0.073
0.087
0.076
0.091
0.068
0.057
0.059
0.063
0.06
0.057
0.057
0.06
0.067
0.06
0.057
0.088
0.059
0.053
0.064
0.069
0.057
0.071
0.066
0.072
0.067
0.063
0.061
0.059
0.068
0.061
0.059
0.064
0.061
0.062
0.067
0.081
0.056
0.057
0.058
0.1
0.062
0.059
0.063
0.096
0.069
0.059
0.087
0.079
0.076
0.064
0.056
0.086
0.064
0.067
0.069
0.06
0.064
0.058
0.085
0.067
0.067
0.064
0.064
0.06
0.062
0.116
0.071
0.062
0.102
0.066
0.066
0.068
0.076
0.06
0.092
0.088
0.066
0.084
0.066
0.058
0.072
0.072
0.074
0.068
0.071
0.064
0.062
0.069
0.078
0.111
0.064
0.069
0.078
0.064
0.068
0.071
0.086
0.064
0.064
0.064
0.105
0.062
