0.133
0.124
0.123
0.121
0.121
0.121
0.117
0.116
0.12
0.119
0.12
0.119
0.121
0.116
0.12
0.082
0.12
0.119
0.119
0.118
0.12
0.114
0.114
0.12
0.115
0.127
0.115
0.12
0.118
0.119
0.118
0.118
0.119
0.117
0.118
0.117
0.116
0.12
0.119
0.118
0.119
0.113
0.119
0.121
0.116
0.12
0.12
0.12
0.115
0.118
0.13
0.115
0.116
0.12
0.12
0.12
0.12
0.119
0.12
0.11
0.12
0.119
0.12
0.123
0.124
0.12
0.117
0.116
0.118
0.12
0.119
0.114
0.118
0.12
0.114
0.114
0.122
0.114
0.122
0.121
0.119
0.119
0.119
0.116
0.118
0.117
0.118
0.118
0.121
0.116
0.12
0.115
0.12
0.118
0.113
0.115
0.114
0.119
0.117
0.12
0.115
0.121
0.12
0.114
0.117
0.121
