0.08
0.039
0.03
0.031
0.04
0.042
0.029
0.033
0.047
0.038
0.035
0.038
0.04
0.054
0.033
0.044
0.034
0.063
0.038
0.056
0.035
0.031
0.039
0.028
0.044
0.045
0.047
0.032
0.037
0.028
0.037
0.034
0.04
0.033
0.027
0.048
0.059
0.032
0.04
0.033
0.036
0.029
0.048
0.047
0.044
0.036
0.038
0.058
0.049
0.036
0.055
0.04
0.03
0.046
0.036
0.03
0.04
0.036
0.027
0.044
0.04
0.038
0.048
0.038
0.029
0.039
0.043
0.032
0.077
0.038
0.034
0.044
0.039
0.051
0.054
0.049
0.047
0.041
0.046
0.042
0.054
0.047
0.033
0.037
0.038
0.057
0.048
0.045
0.037
0.047
0.035
0.052
0.051
0.068
0.045
0.038
0.039
0.06
0.05
0.044
0.039
0.043
