0.241
0.125
0.12
0.129
0.122
0.121
0.119
0.122
0.12
0.119
0.12
0.122
0.117
0.12
0.117
0.124
0.124
0.127
0.121
0.117
0.126
0.13
0.12
0.121
0.123
0.122
0.121
0.085
0.119
0.121
0.122
0.122
0.123
0.118
0.122
0.123
0.083
0.122
0.121
0.12
0.123
0.122
0.122
0.122
0.129
0.125
0.127
0.126
0.122
0.123
0.122
0.121
0.121
0.121
0.122
0.12
0.124
0.119
0.122
0.117
0.084
0.122
0.12
0.122
0.121
0.128
0.122
0.116
0.123
0.122
0.128
0.126
0.121
0.118
0.121
0.123
0.126
0.125
0.124
0.124
0.119
0.124
0.124
0.118
0.121
0.122
0.122
0.124
0.123
0.124
0.124
0.138
0.123
0.129
0.123
0.126
0.122
0.125
0.122
0.123
0.124
