0.137
0.084
0.125
0.121
0.118
0.115
0.085
0.122
0.12
0.121
0.12
0.12
0.122
0.12
0.083
0.12
0.123
0.12
0.121
0.121
0.119
0.117
0.121
0.118
0.116
0.122
0.126
0.116
0.12
0.122
0.119
0.12
0.12
0.121
0.116
0.121
0.119
0.12
0.122
0.123
0.121
0.121
0.117
0.114
0.12
0.12
0.118
0.121
0.121
0.118
0.115
0.117
0.125
0.119
0.118
0.122
0.119
0.121
0.123
0.116
0.121
0.12
0.122
0.122
0.12
0.124
0.121
0.12
0.12
0.119
0.123
0.124
0.127
0.121
0.116
0.119
0.12
0.12
0.122
0.121
0.102
0.119
0.118
0.116
0.12
0.12
0.124
0.081
0.094
0.121
0.119
0.12
0.121
0.122
0.117
0.115
0.121
0.083
0.124
0.119
0.121
0.121
