0.143
0.114
0.126
0.119
0.122
0.121
0.122
0.121
0.121
0.119
0.12
0.122
0.121
0.122
0.123
0.131
0.126
0.119
0.127
0.126
0.121
0.115
0.121
0.119
0.123
0.127
0.119
0.117
0.121
0.121
0.123
0.121
0.125
0.121
0.118
0.123
0.118
0.121
0.122
0.121
0.12
0.121
0.119
0.127
0.124
0.121
0.122
0.117
0.122
0.121
0.121
0.123
0.122
0.122
0.119
0.12
0.121
0.124
0.12
0.122
0.114
0.083
0.122
0.121
0.123
0.128
0.121
0.124
0.121
0.125
0.125
0.125
0.087
0.12
0.122
0.117
0.123
0.122
0.122
0.118
0.12
0.118
0.119
0.123
0.12
0.122
0.121
0.122
0.118
0.112
0.123
0.114
0.123
0.118
0.123
0.122
0.122
0.124
0.119
0.129
