0.023
0.013
0.024
0.023
0.018
0.02
0.016
0.014
0.017
0.038
0.024
0.017
0.013
0.018
0.031
0.01
0.011
0.009
0.014
0.026
0.029
0.018
0.024
0.017
0.021
0.015
0.019
0.011
0.017
0.015
0.026
0.018
0.012
0.019
0.026
0.014
0.011
0.012
0.011
0.015
0.024
0.014
0.01
0.018
0.021
0.018
0.011
0.011
0.014
0.013
0.03
0.011
0.013
0.018
0.022
0.027
0.022
0.01
0.017
0.019
0.012
0.019
0.016
0.013
0.012
0.024
0.015
0.019
0.023
0.019
0.014
0.011
0.024
0.013
0.021
0.026
0.01
0.016
0.019
0.012
0.013
0.015
0.013
0.013
0.015
0.017
0.014
0.034
0.014
0.01
0.017
0.024
0.01
0.015
0.021
0.011
0.018
0.021
0.015
0.014
0.038
0.023
0.011
0.016
0.034
0.017
0.017
0.017
0.01
