0.145
0.124
0.126
0.122
0.122
0.122
0.12
0.122
0.125
0.122
0.121
0.12
0.121
0.12
0.12
0.122
0.122
0.126
0.122
0.122
0.127
0.122
0.122
0.119
0.122
0.122
0.121
0.119
0.123
0.118
0.122
0.112
0.121
0.122
0.119
0.121
0.122
0.118
0.123
0.122
0.12
0.122
0.122
0.129
0.13
0.123
0.119
0.119
0.122
0.121
0.12
0.122
0.119
0.121
0.121
0.121
0.127
0.12
0.116
0.112
0.122
0.122
0.123
0.121
0.123
0.126
0.122
0.131
0.129
0.125
0.12
0.117
0.124
0.124
0.121
0.119
0.12
0.123
0.122
0.122
0.121
0.118
0.121
0.12
0.118
0.118
0.123
0.118
0.124
0.122
0.127
0.12
0.121
0.122
0.124
0.122
0.12
0.119
0.122
0.122
0.124
0.126
0.123
0.119
0.123
0.122
0.124
0.121
0.12
0.118
0.126
0.124
0.12
0.123
0.125
0.123
0.122
0.119
