0.073
0.046
0.03
0.036
0.042
0.034
0.032
0.037
0.03
0.041
0.058
0.041
0.034
0.046
0.042
0.03
0.032
0.033
0.039
0.03
0.034
0.037
0.03
0.029
0.048
0.042
0.027
0.03
0.037
0.035
0.036
0.032
0.026
0.027
0.044
0.032
0.025
0.033
0.032
0.036
0.041
0.034
0.033
0.047
0.028
0.042
0.052
0.064
0.056
0.057
0.029
0.039
0.036
0.041
0.037
0.033
0.03
0.036
0.026
0.029
0.03
0.036
0.036
0.034
0.052
0.054
0.031
0.044
0.039
0.032
0.034
0.03
0.035
0.029
0.043
0.035
0.05
0.028
0.044
0.03
0.036
0.031
0.028
0.035
0.043
0.031
0.044
0.039
0.035
0.034
0.049
0.026
0.036
0.039
0.025
0.033
0.039
0.028
0.044
0.045
0.051
0.029
