0.04
0.027
0.018
0.019
0.014
0.017
0.022
0.014
0.011
0.022
0.023
0.017
0.02
0.056
0.018
0.013
0.012
0.02
0.028
0.02
0.021
0.024
0.017
0.014
0.03
0.026
0.03
0.031
0.022
0.013
0.017
0.027
0.013
0.034
0.015
0.013
0.022
0.02
0.017
0.023
0.018
0.014
0.021
0.016
0.013
0.029
0.017
0.018
0.041
0.017
0.014
0.017
0.027
0.013
0.021
0.017
0.025
0.021
0.014
0.013
0.025
0.014
0.029
0.019
0.017
0.032
0.03
0.018
0.035
0.022
0.026
0.013
0.013
0.022
0.015
0.016
0.013
0.042
0.029
0.019
0.018
0.025
0.015
0.016
0.015
0.016
0.03
0.021
0.024
0.016
0.016
0.017
0.023
0.021
0.018
0.024
0.016
0.022
0.018
0.018
0.02
0.02
0.017
0.015
