0.029
0.014
0.016
0.015
0.013
0.015
0.016
0.019
0.016
0.025
0.013
0.016
0.017
0.025
0.014
0.02
0.014
0.012
0.023
0.024
0.015
0.018
0.012
0.013
0.034
0.013
0.011
0.02
0.012
0.025
0.016
0.019
0.011
0.017
0.016
0.02
0.011
0.015
0.016
0.02
0.013
0.015
0.014
0.021
0.012
0.015
0.011
0.022
0.033
0.012
0.014
0.02
0.016
0.011
0.012
0.03
0.014
0.018
0.016
0.017
0.024
0.034
0.02
0.018
0.018
0.025
0.027
0.018
0.01
0.022
0.01
0.021
0.011
0.022
0.015
0.015
0.02
0.016
0.026
0.01
0.011
0.02
0.01
0.02
0.011
0.015
0.023
0.01
0.011
0.017
0.026
0.019
0.017
0.021
0.013
0.016
0.014
0.031
0.014
0.015
0.013
0.014
0.016
0.012
0.026
0.012
0.012
0.012
0.013
0.01
0.015
