0.028
0.02
0.013
0.015
0.015
0.016
0.023
0.023
0.01
0.019
0.02
0.016
0.012
0.012
0.013
0.012
0.025
0.011
0.016
0.012
0.017
0.022
0.011
0.013
0.011
0.011
0.014
0.011
0.011
0.011
0.013
0.017
0.011
0.013
0.013
0.011
0.02
0.012
0.018
0.015
0.011
0.013
0.013
0.012
0.016
0.016
0.047
0.029
0.011
0.019
0.024
0.012
0.023
0.016
0.015
0.02
0.012
0.011
0.012
0.012
0.014
0.013
0.02
0.015
0.046
0.018
0.015
0.016
0.01
0.014
0.011
0.031
0.01
0.011
0.012
0.025
0.019
0.013
0.023
0.014
0.014
0.023
0.026
0.017
0.011
0.016
0.029
0.012
0.021
0.019
0.012
0.013
0.014
0.015
0.023
0.017
0.02
0.017
0.016
0.01
0.014
0.011
0.015
0.019
0.032
0.014
0.013
0.01
0.021
