0.186
0.167
0.169
0.172
0.161
0.156
0.156
0.157
0.154
0.164
0.158
0.155
0.161
0.14
0.18
0.161
0.157
0.157
0.161
0.174
0.157
0.165
0.166
0.152
0.156
0.16
0.163
0.156
0.158
0.169
0.16
0.162
0.164
0.158
0.156
0.164
0.158
0.16
0.147
0.163
0.168
0.155
0.157
0.163
0.165
0.156
0.16
0.154
0.156
0.16
0.165
0.161
0.16
0.158
0.162
0.159
0.157
0.163
0.158
0.16
0.157
0.156
0.153
0.156
0.168
0.16
0.16
0.155
0.161
0.156
0.158
0.17
0.158
0.159
0.149
0.177
0.156
0.158
0.158
0.159
0.156
0.155
0.162
0.163
0.161
0.155
0.158
0.16
0.16
0.157
0.159
0.166
0.146
0.156
0.154
0.16
0.164
0.166
0.158
0.158
