0.044
0.014
0.016
0.012
0.026
0.015
0.032
0.016
0.017
0.024
0.011
0.014
0.011
0.013
0.012
0.011
0.015
0.013
0.013
0.055
0.021
0.014
0.016
0.02
0.013
0.012
0.013
0.013
0.022
0.011
0.011
0.015
0.02
0.011
0.019
0.022
0.014
0.011
0.011
0.013
0.011
0.015
0.017
0.012
0.016
0.011
0.015
0.019
0.02
0.033
0.012
0.023
0.018
0.013
0.021
0.017
0.014
0.015
0.014
0.013
0.016
0.012
0.019
0.011
0.014
0.02
0.02
0.024
0.017
0.017
0.011
0.021
0.024
0.025
0.03
0.019
0.018
0.018
0.016
0.011
0.021
0.013
0.016
0.013
0.018
0.017
0.017
0.036
0.027
0.018
0.015
0.014
0.016
0.012
0.011
0.019
0.014
0.013
0.016
0.012
0.012
0.015
0.012
0.015
0.019
0.011
0.016
0.018
0.012
0.024
0.014
0.01
0.017
0.022
0.022
0.021
0.017
0.017
0.012
0.014
0.028
0.013
0.011
0.015
0.019
0.018
0.017
0.014
0.014
0.014
0.014
0.021
0.023
0.017
0.013
0.015
0.022
0.017
0.016
0.013
0.015
0.018
0.02
0.018
