0.033
0.021
0.014
0.022
0.016
0.028
0.016
0.019
0.017
0.012
0.02
0.017
0.02
0.021
0.014
0.02
0.012
0.015
0.047
0.017
0.021
0.021
0.011
0.018
0.016
0.031
0.015
0.023
0.017
0.019
0.021
0.018
0.016
0.015
0.013
0.024
0.019
0.017
0.014
0.015
0.012
0.038
0.016
0.026
0.018
0.028
0.021
0.013
0.012
0.017
0.021
0.022
0.013
0.013
0.011
0.015
0.014
0.016
0.014
0.014
0.014
0.019
0.017
0.014
0.017
0.019
0.022
0.02
0.016
0.019
0.018
0.027
0.015
0.019
0.017
0.021
0.018
0.018
0.014
0.018
0.016
0.025
0.029
0.027
0.018
0.013
0.017
0.016
0.017
0.013
0.024
0.015
0.016
0.019
0.036
0.015
0.023
0.022
0.03
0.056
