0.052
0.049
0.045
0.044
0.028
0.043
0.044
0.034
0.043
0.044
0.04
0.031
0.045
0.039
0.034
0.031
0.04
0.041
0.041
0.039
0.033
0.03
0.029
0.026
0.04
0.035
0.036
0.055
0.046
0.035
0.045
0.035
0.031
0.03
0.035
0.031
0.03
0.061
0.038
0.039
0.035
0.038
0.027
0.043
0.031
0.041
0.04
0.028
0.028
0.047
0.055
0.026
0.062
0.029
0.038
0.046
0.037
0.073
0.036
0.028
0.029
0.027
0.03
0.031
0.04
0.048
0.042
0.029
0.039
0.033
0.037
0.029
0.035
0.031
0.036
0.039
0.033
0.028
0.026
0.032
0.056
0.029
0.027
0.03
0.044
0.03
0.032
0.061
0.04
0.046
0.031
0.029
0.036
0.028
0.05
0.028
0.036
0.03
0.033
0.041
0.038
0.029
