0.029
0.044
0.041
0.04
0.036
0.038
0.045
0.056
0.044
0.038
0.04
0.045
0.046
0.043
0.039
0.044
0.036
0.035
0.043
0.045
0.031
0.047
0.043
0.045
0.035
0.043
0.048
0.044
0.029
0.036
0.033
0.043
0.037
0.046
0.054
0.038
0.04
0.034
0.038
0.031
0.049
0.042
0.046
0.039
0.043
0.049
0.033
0.031
0.053
0.036
0.054
0.049
0.033
0.046
0.029
0.06
0.035
0.036
0.055
0.055
0.04
0.038
0.042
0.038
0.054
0.051
0.047
0.032
0.044
0.052
0.059
0.045
0.045
0.046
0.05
0.046
0.044
0.038
0.048
0.049
0.049
0.049
0.051
0.032
0.04
0.051
0.027
0.055
0.044
0.031
0.048
0.044
0.054
0.065
0.039
0.043
0.044
0.052
0.039
0.041
0.044
0.039
0.029
0.041
0.04
0.043
0.055
0.045
0.035
