0.064
0.09
0.08
0.055
0.083
0.107
0.075
0.076
0.098
0.089
0.085
0.075
0.085
0.049
0.09
0.089
0.104
0.069
0.059
0.063
0.069
0.054
0.086
0.066
0.061
0.092
0.104
0.074
0.126
0.087
0.067
0.055
0.053
0.103
0.095
0.096
0.089
0.069
0.094
0.098
0.081
0.097
0.076
0.067
0.095
0.071
0.089
0.093
0.09
0.061
0.071
0.078
0.108
0.075
0.089
0.094
0.102
0.088
0.093
0.084
0.115
0.06
0.064
0.073
0.143
0.08
0.089
0.074
0.125
0.108
0.09
0.084
0.087
0.104
0.064
0.07
0.068
0.079
0.063
0.058
0.081
0.092
0.079
0.076
0.085
0.087
0.095
0.084
0.118
0.095
0.074
0.053
0.088
0.085
0.078
0.072
0.064
0.092
0.09
0.076
0.102
0.09
0.091
