0.059
0.075
0.059
0.063
0.078
0.064
0.055
0.075
0.06
0.061
0.084
0.055
0.057
0.077
0.047
0.069
0.06
0.088
0.071
0.057
0.062
0.051
0.061
0.062
0.058
0.062
0.08
0.052
0.05
0.046
0.042
0.069
0.044
0.063
0.053
0.058
0.056
0.054
0.064
0.068
0.069
0.05
0.053
0.055
0.067
0.059
0.052
0.059
0.049
0.07
0.039
0.068
0.076
0.059
0.084
0.061
0.068
0.071
0.081
0.062
0.068
0.061
0.072
0.052
0.067
0.071
0.073
0.094
0.049
0.062
0.044
0.061
0.071
0.062
0.091
0.071
0.067
0.069
0.064
0.073
0.054
0.063
0.082
0.065
0.062
0.063
0.082
0.063
0.043
0.067
0.055
0.064
0.062
0.066
0.066
0.063
0.064
0.066
0.067
0.076
0.051
0.067
0.06
