0.77
0.796
0.704
0.785
0.785
0.828
0.755
0.899
0.799
0.9
0.751
0.732
0.827
0.634
0.801
0.889
0.694
0.904
0.958
0.75
0.888
0.788
0.634
0.807
0.792
0.65
0.819
0.848
0.664
0.688
0.773
0.766
0.678
0.616
0.925
0.804
0.758
0.816
0.727
0.925
0.831
0.678
0.837
0.811
0.816
0.8
0.849
0.813
0.799
0.753
0.793
0.693
0.704
0.702
0.877
0.77
0.796
0.786
0.643
0.893
0.67
0.755
0.655
0.813
0.83
0.615
0.684
0.802
0.846
0.639
0.802
0.628
0.61
0.776
0.841
0.844
0.651
0.732
0.784
0.875
0.8
0.812
0.906
0.644
0.766
0.799
0.848
0.94
0.654
0.657
0.792
0.661
0.901
0.865
0.877
0.963
0.759
