0.479
0.484
0.414
0.413
0.536
0.44
0.54
0.496
0.45
0.475
0.472
0.465
0.403
0.504
0.497
0.55
0.522
0.443
0.559
0.511
0.456
0.51
0.535
0.502
0.416
0.487
0.541
0.571
0.484
0.519
0.494
0.422
0.53
0.505
0.512
0.584
0.453
0.531
0.492
0.425
0.506
0.531
0.513
0.469
0.488
0.527
0.434
0.471
0.525
0.455
0.613
0.529
0.465
0.487
0.496
0.479
0.481
0.522
0.544
0.547
0.58
0.513
0.629
0.519
0.613
0.517
0.55
0.561
0.46
0.505
0.571
0.511
0.546
0.499
0.578
0.516
0.515
0.535
0.598
0.579
0.548
0.59
0.633
0.531
0.542
0.575
0.568
0.536
0.646
0.621
0.569
0.538
0.564
0.513
0.501
0.561
0.532
0.525
0.505
0.522
0.518
0.523
0.484
0.53
0.512
0.551
0.534
0.533
0.519
