0.588
0.573
0.583
0.497
0.574
0.627
0.519
0.507
0.555
0.555
0.594
0.477
0.533
0.496
0.616
0.605
0.593
0.529
0.504
0.525
0.558
0.499
0.56
0.537
0.481
0.58
0.543
0.532
0.612
0.567
0.529
0.543
0.539
0.595
0.623
0.573
0.644
0.559
0.575
0.563
0.575
0.593
0.571
0.557
0.576
0.558
0.573
0.524
0.557
0.516
0.514
0.61
0.616
0.62
0.531
0.614
0.547
0.589
0.532
0.582
0.653
0.575
0.637
0.569
0.658
0.589
0.686
0.589
0.63
0.639
0.625
0.601
0.635
0.592
0.557
0.581
0.612
0.694
0.585
0.569
0.596
0.599
0.631
0.64
0.775
0.683
0.627
0.628
0.773
0.617
0.608
0.622
0.673
0.621
0.594
0.633
0.609
0.666
0.675
0.611
0.696
0.683
0.701
