0.581
0.488
0.54
0.5
0.501
0.491
0.498
0.56
0.474
0.472
0.511
0.509
0.445
0.521
0.446
0.487
0.45
0.541
0.496
0.5
0.513
0.476
0.486
0.47
0.463
0.463
0.492
0.457
0.523
0.48
0.442
0.491
0.443
0.468
0.471
0.524
0.479
0.489
0.505
0.541
0.544
0.513
0.441
0.543
0.53
0.465
0.522
0.495
0.489
0.541
0.468
0.54
0.538
0.53
0.551
0.844
0.585
0.689
0.657
0.549
0.613
0.576
0.648
0.574
0.634
0.541
0.596
0.699
0.51
0.572
0.488
0.586
0.593
0.548
0.727
0.615
0.677
0.556
0.588
0.589
0.573
0.562
0.622
0.606
0.521
0.522
0.582
0.631
0.537
0.601
0.559
0.618
0.587
0.587
0.616
0.551
0.535
0.578
0.637
0.567
0.564
0.613
0.555
