7.195
7.277
6.388
7.318
6.43
7.813
6.437
6.558
6.559
7.679
7.147
6.278
7.71
6.286
7.102
8.177
6.484
6.845
6.612
6.443
7.282
7.753
6.285
6.487
7.3
6.417
7.582
7.282
8.03
6.509
6.36
6.487
6.491
6.284
6.617
7.641
7.551
6.465
6.317
7.922
6.521
6.27
7.468
6.424
6.53
6.469
6.495
6.346
6.358
6.367
6.404
6.283
7.12
7.459
7.877
6.26
6.406
7.67
6.402
6.569
6.398
7.529
6.241
7.266
7.199
6.288
8.426
7.793
6.598
6.205
6.692
6.182
7.443
7.691
6.483
7.716
6.64
6.616
6.413
7.736
6.358
7.809
7.37
6.326
7.196
7.276
6.529
7.449
7.168
7.33
7.606
6.272
6.507
6.659
7.745
6.535
6.572
