0.374
0.338
0.313
0.319
0.434
0.316
0.417
0.364
0.335
0.345
0.364
0.32
0.293
0.377
0.375
0.445
0.4
0.323
0.439
0.388
0.356
0.392
0.413
0.364
0.324
0.379
0.439
0.415
0.374
0.419
0.382
0.316
0.405
0.391
0.386
0.455
0.328
0.429
0.38
0.331
0.387
0.409
0.382
0.335
0.384
0.398
0.332
0.364
0.386
0.33
0.487
0.379
0.351
0.358
0.358
0.339
0.379
0.414
0.421
0.416
0.469
0.403
0.51
0.4
0.481
0.391
0.434
0.462
0.351
0.381
0.408
0.387
0.431
0.384
0.464
0.389
0.384
0.43
0.448
0.446
0.428
0.469
0.506
0.433
0.421
0.444
0.477
0.405
0.528
0.523
0.451
0.426
0.402
0.357
0.389
0.434
0.412
0.394
0.396
0.414
0.412
0.397
0.383
0.423
0.414
0.435
0.395
0.411
0.409
