5.824
5.856
5.051
5.939
5.032
6.378
5.056
5.056
5.031
6.157
5.803
4.941
6.258
5.035
5.668
6.684
5.111
5.239
5.052
5.009
5.781
6.368
5.024
5.082
5.915
5.087
6.163
5.841
6.743
5.015
4.965
5.101
4.95
5.047
5.012
6.243
6.126
5.056
4.974
6.337
5.082
4.988
6.007
4.971
5.118
5.076
5.049
4.936
4.95
4.962
5.021
4.98
5.802
6.157
6.41
4.903
5.021
6.287
5.016
5.035
5.101
6.187
4.966
5.854
5.773
5.055
7.055
6.404
5.148
4.951
5.11
4.93
6.16
6.316
5.045
6.277
5.356
5.094
4.958
6.161
4.95
6.402
5.776
5.093
5.84
5.89
5.077
5.879
5.902
5.939
6.21
4.989
4.981
5.171
6.232
4.981
5.063
