0.431
0.385
0.408
0.345
0.406
0.422
0.34
0.351
0.366
0.384
0.393
0.321
0.379
0.353
0.393
0.435
0.406
0.369
0.36
0.376
0.402
0.353
0.381
0.348
0.336
0.389
0.331
0.367
0.392
0.404
0.363
0.364
0.394
0.402
0.406
0.377
0.442
0.391
0.389
0.353
0.39
0.403
0.41
0.385
0.403
0.401
0.413
0.327
0.368
0.365
0.355
0.44
0.416
0.461
0.354
0.426
0.368
0.397
0.351
0.38
0.438
0.437
0.484
0.397
0.377
0.417
0.489
0.417
0.417
0.425
0.453
0.418
0.443
0.399
0.405
0.398
0.457
0.516
0.414
0.425
0.41
0.4
0.478
0.472
0.591
0.503
0.425
0.453
0.556
0.439
0.44
0.433
0.484
0.433
0.435
0.471
0.462
0.485
0.476
0.447
0.497
0.495
0.522
