0.423
0.327
0.402
0.358
0.353
0.335
0.347
0.408
0.334
0.321
0.35
0.377
0.311
0.377
0.309
0.353
0.313
0.383
0.345
0.372
0.375
0.339
0.34
0.324
0.306
0.341
0.332
0.331
0.402
0.336
0.31
0.319
0.317
0.327
0.335
0.394
0.327
0.365
0.313
0.386
0.383
0.372
0.284
0.401
0.384
0.332
0.384
0.356
0.345
0.387
0.329
0.364
0.349
0.372
0.391
0.696
0.429
0.516
0.479
0.397
0.466
0.434
0.492
0.461
0.487
0.372
0.413
0.494
0.374
0.419
0.369
0.463
0.448
0.398
0.546
0.456
0.526
0.409
0.428
0.428
0.45
0.398
0.461
0.466
0.386
0.389
0.411
0.464
0.402
0.44
0.421
0.476
0.433
0.424
0.479
0.407
0.394
0.418
0.482
0.383
0.422
0.474
0.427
