0.024
0.012
0.013
0.013
0.01
0.014
0.018
0.01
0.009
0.009
0.021
0.011
0.007
0.018
0.023
0.008
0.011
0.01
0.009
0.008
0.009
0.007
0.017
0.01
0.006
0.013
0.022
0.013
0.008
0.009
0.009
0.012
0.013
0.008
0.016
0.01
0.009
0.014
0.008
0.014
0.011
0.015
0.009
0.008
0.009
0.008
0.006
0.01
0.011
0.008
0.012
0.013
0.007
0.012
0.013
0.015
0.011
0.013
0.009
0.009
0.008
0.014
0.011
0.014
0.017
0.012
0.013
0.01
0.012
0.01
0.01
0.013
0.011
0.01
0.01
0.009
0.019
0.024
0.012
0.012
0.009
0.007
0.011
0.008
0.013
0.008
0.009
0.017
0.008
0.011
0.009
0.012
0.011
0.014
0.009
0.009
0.01
0.008
0.009
0.012
0.007
0.009
0.01
