0.034
0.01
0.021
0.013
0.011
0.023
0.015
0.015
0.01
0.012
0.009
0.01
0.009
0.008
0.016
0.007
0.01
0.007
0.007
0.011
0.009
0.016
0.007
0.024
0.013
0.009
0.015
0.012
0.011
0.01
0.009
0.008
0.009
0.01
0.017
0.009
0.015
0.007
0.01
0.009
0.018
0.011
0.013
0.008
0.013
0.008
0.01
0.01
0.011
0.01
0.028
0.022
0.011
0.021
0.011
0.008
0.01
0.013
0.012
0.011
0.01
0.008
0.009
0.009
0.017
0.015
0.012
0.015
0.012
0.008
0.011
0.008
0.008
0.011
0.007
0.014
0.011
0.013
0.011
0.009
0.007
0.02
0.009
0.009
0.015
0.009
0.01
0.022
0.019
0.014
0.009
0.01
0.014
0.024
0.008
0.01
0.008
0.007
0.009
0.008
0.009
0.009
0.008
