0.079
0.077
0.077
0.074
0.075
0.076
0.075
0.075
0.076
0.076
0.074
0.075
0.075
0.073
0.075
0.074
0.081
0.076
0.075
0.074
0.078
0.075
0.075
0.075
0.076
0.074
0.074
0.077
0.075
0.076
0.075
0.076
0.074
0.074
0.074
0.076
0.075
0.075
0.074
0.076
0.074
0.075
0.076
0.075
0.076
0.075
0.075
0.074
0.076
0.075
0.074
0.075
0.075
0.075
0.076
0.077
0.075
0.075
0.074
0.075
0.077
0.075
0.075
0.076
0.078
0.078
0.075
0.076
0.074
0.074
0.074
0.076
0.075
0.074
0.075
0.075
0.074
0.074
0.075
0.074
0.075
0.075
0.074
0.076
0.075
0.074
0.074
0.075
0.074
0.074
0.077
0.076
0.074
0.077
0.074
0.074
0.074
