0.013
0.014
0.008
0.012
0.015
0.008
0.02
0.012
0.019
0.013
0.008
0.021
0.008
0.011
0.01
0.008
0.008
0.008
0.017
0.009
0.01
0.008
0.012
0.01
0.008
0.007
0.008
0.012
0.01
0.009
0.01
0.011
0.016
0.009
0.011
0.014
0.014
0.013
0.012
0.008
0.006
0.012
0.01
0.019
0.009
0.01
0.008
0.01
0.009
0.011
0.009
0.009
0.009
0.014
0.026
0.009
0.013
0.01
0.009
0.008
0.008
0.011
0.024
0.015
0.019
0.009
0.013
0.007
0.01
0.018
0.023
0.009
0.011
0.009
0.011
0.017
0.013
0.008
0.011
0.011
0.01
0.009
0.011
0.008
0.008
0.008
0.007
0.01
0.01
0.008
0.011
0.01
0.029
0.01
0.01
0.008
0.011
0.008
0.015
0.007
0.009
0.013
0.009
0.009
0.008
0.009
0.011
0.011
0.009
